5 3.998000249999999920e-40
5.0115 3.786916000000000247e-40
5.0231 3.587236000000000287e-40
5.0347 3.398492249999999788e-40
5.0463 3.219871360000000319e-40
5.0579 3.050960889999999663e-40
5.0696 2.891020089999999961e-40
5.0813 2.739687040000000109e-40
5.093 2.596609960000000223e-40
5.1047 2.461447209999999599e-40
5.1165 2.333256249999999615e-40
5.1283 2.211763839999999826e-40
5.1401 2.096993610000000210e-40
5.152 1.988382010000000340e-40
5.1639 1.885678239999999671e-40
5.1758 1.788103840000000217e-40
5.1877 1.695985290000000128e-40
5.1997 1.608584889999999945e-40
5.2117 1.525719039999999776e-40
5.2237 1.447449609999999868e-40
5.2357 1.373115239999999935e-40
5.2478 1.302793959999999968e-40
5.2599 1.236321610000000036e-40
5.272 1.173105609999999974e-40
5.2842 1.113236010000000003e-40
5.2964 1.056578410000000042e-40
5.3086 1.003002249999999977e-40
5.3208 9.520295184000002031e-41
5.3331 9.037544356000001049e-41
5.3454 8.580131641000001244e-41
5.3577 8.146506563999999949e-41
5.3701 7.735202500000001607e-41
5.3825 7.345347025000000514e-41
5.3949 6.975590400000000729e-41
5.4073 6.624983235999999357e-41
5.4198 6.292455625000001000e-41
5.4323 5.976990721000000849e-41
5.4448 5.677773201000000794e-41
5.4574 5.394021136000000004e-41
5.4699 5.124698569000000960e-41
5.4826 4.869248399999999062e-41
5.4952 4.626856440999999376e-41
5.5079 4.396883481000000223e-41
5.5206 4.178588163999999840e-41
5.5333 3.971394360999999914e-41
5.5461 3.774750721000000187e-41
5.5589 3.588129801000000142e-41
5.5717 3.410910409000000086e-41
5.5845 3.242733024999999863e-41
5.5974 3.083136676000000111e-41
5.6103 2.931464448999999884e-41
5.6232 2.787523208999999678e-41
5.6362 2.650808196000000287e-41
5.6492 2.521044100000000389e-41
5.6622 2.397767089000000474e-41
5.6753 2.280635535999999737e-41
5.6884 2.169416929000000317e-41
5.7015 2.063703184000000101e-41
5.7146 1.963376099999999925e-41
5.7278 1.867968399999999769e-41
5.741 1.777381281000000114e-41
5.7543 1.691265625000000246e-41
5.7675 1.609453923999999647e-41
5.7808 1.531704768999999779e-41
5.7942 1.457788760999999744e-41
5.8075 1.387562500000000314e-41
5.8209 1.320813649000000152e-41
5.8343 1.257411600000000179e-41
5.8478 1.197090800999999662e-41
5.8613 1.139737599999999967e-41
5.8748 1.085241249000000107e-41
5.8884 1.033365315999999976e-41
5.9019 9.840768999999999510e-42
5.9155 9.372169960000000249e-42
5.9292 8.926351289999999923e-42
5.9429 8.502472809999999358e-42
5.9566 8.099146809999999423e-42
5.9703 7.715617290000000169e-42
5.9841 7.350605439999999980e-42
5.9979 7.003962250000001080e-42
6.0117 6.673438889999999268e-42
6.0256 6.359475240000000614e-42
6.0394 6.060459240000000572e-42
6.0534 5.776331560000000494e-42
6.0673 5.505592959999999922e-42
6.0813 5.247764640000000631e-42
6.0954 5.002826890000000785e-42
6.1094 4.769419210000000635e-42
6.1235 4.547556249999999638e-42
6.1376 4.335973290000000699e-42
6.1518 4.134715560000000068e-42
6.166 3.943401640000000166e-42
6.1802 3.760884490000000663e-42
6.1944 3.587235999999999497e-42
6.2087 3.421760040000000289e-42
6.223 3.264526240000000016e-42
6.2374 3.114519040000000159e-42
6.2518 2.971486440000000311e-42
6.2662 2.835519209999999668e-42
6.2806 2.706024999999999870e-42
6.2951 2.582770409999999843e-42
6.3096 2.465214010000000289e-42
6.3242 2.353155999999999975e-42
6.3388 2.246401440000000219e-42
6.3534 2.144760249999999796e-42
6.368 2.047760999999999875e-42
6.3827 1.955522559999999911e-42
6.3974 1.867595560000000019e-42
6.4122 1.783827360000000107e-42
6.427 1.703808090000000006e-42
6.4418 1.627665640000000256e-42
6.4566 1.555258409999999704e-42
6.4715 1.485961000000000074e-42
6.4865 1.419910560000000048e-42
6.5014 1.357225000000000032e-42
6.5164 1.297093210000000105e-42
6.5314 1.239882249999999942e-42
6.5465 1.185485440000000189e-42
6.5616 1.133373160000000128e-42
6.5767 1.083889210000000086e-42
6.5919 1.036527609999999898e-42
6.6071 9.914583184000001141e-43
6.6223 9.484422543999998790e-43
6.6376 9.073896048999999033e-43
6.6529 8.682326041000000064e-43
6.6682 8.308687103999999217e-43
6.6836 7.952180625000000055e-43
6.699 7.612039009000000052e-43
6.7145 7.287524689000001429e-43
6.73 6.977762088999999874e-43
6.7455 6.682081535999999625e-43
6.761 6.399840001000000517e-43
6.7766 6.130576803999999034e-43
6.7923 5.873383044000000704e-43
6.8079 5.627850360999999552e-43
6.8236 5.393580481000000262e-43
6.8394 5.169753801000000146e-43
6.8551 4.956159999999999724e-43
6.8709 4.752034224999999905e-43
6.8868 4.557195049000000051e-43
6.9027 4.371060995999999480e-43
6.9186 4.193339536000000208e-43
6.9345 4.023491761000000446e-43
6.9505 3.861255320999999985e-43
6.9666 3.706252640999999405e-43
6.9826 3.558241800999999460e-43
6.9987 3.416753208999999943e-43
7.0149 3.281456656000000506e-43
7.031 3.152261024999999669e-43
7.0473 3.028741156000000143e-43
7.0635 2.910710401000000166e-43
7.0798 2.797881024999999977e-43
7.0961 2.690081956000000142e-43
7.1125 2.586943043999999609e-43
7.1289 2.488313689000000246e-43
7.1453 2.394047040999999909e-43
7.1618 2.303904000999999666e-43
7.1783 2.217656464000000377e-43
7.1949 2.135179263999999476e-43
7.2115 2.056259716000000265e-43
7.2281 1.980784035999999834e-43
7.2448 1.908641343999999724e-43
7.2615 1.839552099999999536e-43
7.2782 1.773420543999999769e-43
7.295 1.710236024999999801e-43
7.3118 1.649659455999999962e-43
7.3287 1.591770609000000010e-43
7.3456 1.536326416000000059e-43
7.3625 1.483251168999999935e-43
7.3795 1.432395409000000101e-43
7.3965 1.383765601000000076e-43
7.4136 1.337145488999999904e-43
7.4307 1.292546303999999963e-43
7.4478 1.249834609000000021e-43
7.465 1.208883360999999876e-43
7.4822 1.169708400999999885e-43
7.4994 1.132187904000000004e-43
7.5167 1.096205881000000157e-43
7.5341 1.061782224999999819e-43
7.5514 1.028741476000000135e-43
7.5689 9.971069289999999787e-44
7.5863 9.667746489999999323e-44
7.6038 9.377681290000000858e-44
7.6213 9.099272249999999236e-44
7.6389 8.832189609999999215e-44
7.6565 8.576112250000000576e-44
7.6742 8.331304960000000244e-44
7.6919 8.096301159999998564e-44
7.7096 7.870830249999998821e-44
7.7274 7.654628890000000494e-44
7.7452 7.447986809999999629e-44
7.7631 7.249017759999999908e-44
7.781 7.058586239999999654e-44
7.7989 6.876457290000000294e-44
7.8169 6.701367690000000856e-44
7.8349 6.533647210000000790e-44
7.853 6.372595360000000455e-44
7.8711 6.218539690000000705e-44
7.8893 6.070803210000000849e-44
7.9074 5.928738010000000790e-44
7.9257 5.793167609999999430e-44
7.944 5.662972089999999837e-44
7.9623 5.538020889999999554e-44
7.9806 5.418652839999999408e-44
7.999 5.304269610000000817e-44
8.0175 5.194752639999999392e-44
8.036 5.089535999999999296e-44
8.0545 4.989415690000000682e-44
8.0731 4.892943999999999431e-44
8.0917 4.801357439999999847e-44
8.1104 4.713241000000000258e-44
8.1291 4.629382560000000433e-44
8.1478 4.549262409999999026e-44
8.1666 4.472802009999999586e-44
8.1854 4.399506249999999791e-44
8.2043 4.330144810000000350e-44
8.2232 4.263812010000000070e-44
8.2422 4.200860159999999396e-44
8.2612 4.141224999999999873e-44
8.2802 4.084440999999999938e-44
8.2993 4.030859290000000175e-44
8.3185 3.980424009999999781e-44
8.3377 3.932288999999999619e-44
8.3569 3.887600890000000258e-44
8.3762 3.845521000000000160e-44
8.3955 3.806010810000000356e-44
8.4148 3.769422249999999809e-44
8.4342 3.735329289999999800e-44
8.4537 3.704470089999999944e-44
8.4732 3.675655839999999951e-44
8.4927 3.650010250000000398e-44
8.5123 3.626739359999999710e-44
8.5319 3.606201000000000130e-44
8.5516 3.588751360000000284e-44
8.5713 3.573612159999999852e-44
8.5911 3.561523839999999875e-44
8.6109 3.552471039999999743e-44
8.6308 3.546065609999999907e-44
8.6507 3.542676840000000118e-44
8.6706 3.542300410000000374e-44
8.6906 3.545312410000000325e-44
8.7106 3.551717159999999971e-44
8.7307 3.561523839999999875e-44
8.7509 3.575124640000000326e-44
8.771 3.592541160000000333e-44
8.7913 3.613800999999999927e-44
8.8115 3.639700839999999948e-44
8.8319 3.669906490000000216e-44
8.8522 3.705240010000000516e-44
8.8726 3.745773160000000334e-44
8.8931 3.791977289999999749e-44
8.9136 3.844344490000000623e-44
8.9342 3.903390490000000412e-44
8.9548 3.970056250000000397e-44
8.9754 4.044121000000000490e-44
8.9961 4.127398559999999546e-44
9.0169 4.220559360000000204e-44
9.0377 4.324320250000000067e-44
9.0585 4.440713289999999553e-44
9.0794 4.570188840000000357e-44
9.1003 4.714977959999999701e-44
9.1213 4.877472250000000447e-44
9.1423 5.059350490000000412e-44
9.1634 5.263812490000000369e-44
9.1846 5.494804810000000092e-44
9.2057 5.755680810000000374e-44
9.227 6.051600000000000030e-44
9.2482 6.389267290000000214e-44
9.2696 6.776129609999999431e-44
9.2909 7.221581289999999447e-44
9.3124 7.737854890000000790e-44
9.3338 8.339966410000000847e-44
9.3554 9.048665610000001469e-44
9.3769 9.889767039999998475e-44
9.3986 1.089858168999999936e-43
9.4202 1.212293123999999909e-43
9.442 1.362791056000000040e-43
9.4637 1.550941923999999992e-43
9.4856 1.790389968999999908e-43
9.5074 2.102039104000000235e-43
9.5294 2.518333489000000473e-43
9.5513 3.093028225000000416e-43
9.5734 3.919260816000000235e-43
9.5954 5.171191921000000259e-43
9.6176 7.206312099999999081e-43
9.6397 1.085972409999999842e-42
9.662 1.847424640000000323e-42
9.6842 3.899045160000000261e-42
9.7066 1.351738756000000090e-41
9.729 9.405262240000000729e-40
9.7514 2.236344100000000009e-41
9.7739 4.727145639999999731e-42
9.7964 1.969531560000000228e-42
9.819 1.065024000000000113e-42
9.8417 6.620914161000000879e-43
9.8643 4.491412323999999221e-43
9.8871 3.234993129000000250e-43
9.9099 2.434435599999999934e-43
9.9327 1.894425625000000028e-43
9.9557 1.513832464000000011e-43
9.9786 1.236084964000000148e-43
10.002 1.027523025000000117e-43
10.025 8.671847039999998871e-44
10.048 7.414184410000000185e-44
10.071 6.410517610000000646e-44
10.094 5.597956000000000892e-44
10.117 4.931508489999999065e-44
10.141 4.378556250000000442e-44
10.164 3.914857960000000260e-44
10.188 3.522378239999999831e-44
10.211 3.188010249999999843e-44
10.235 2.900209000000000294e-44
10.258 2.651360889999999597e-44
10.282 2.434536090000000291e-44
10.306 2.244603239999999893e-44
10.329 2.077345690000000316e-44
10.353 1.929320999999999890e-44
10.377 1.797744640000000162e-44
10.401 1.680134439999999601e-44
10.425 1.574774010000000003e-44
10.449 1.479628959999999905e-44
10.473 1.394052490000000250e-44
10.497 1.316297290000000151e-44
10.522 1.245456000000000129e-44
10.546 1.181134239999999974e-44
10.57 1.122116489999999739e-44
10.594 1.067915560000000009e-44
10.619 1.018081000000000075e-44
10.643 9.720974025000000721e-45
10.668 9.296237888999999796e-45
10.693 8.902677315999999530e-45
10.717 8.537020816000000450e-45
10.742 8.196767295999999972e-45
10.767 7.879580288999999137e-45
10.791 7.583100561000001252e-45
10.816 7.305633728999999895e-45
10.841 7.045419969000000065e-45
10.866 6.800806088999999652e-45
10.891 6.570723600000000052e-45
10.916 6.353843520999999621e-45
10.942 6.149225889000000732e-45
10.967 5.955517584000000724e-45
10.992 5.772352575999999671e-45
11.018 5.598630976000000048e-45
11.043 5.433606368999999722e-45
11.068 5.276860164000000197e-45
11.094 5.127705663999999304e-45
11.12 4.985489664000000275e-45
11.145 4.849868881000000223e-45
11.171 4.720239615999999836e-45
11.197 4.596433208999999565e-45
11.222 4.477884889000000151e-45
11.248 4.364319968999999336e-45
11.274 4.255474756000000097e-45
11.3 4.150967184000000479e-45
11.326 4.050686024999999757e-45
11.352 3.954145924000000001e-45
11.379 3.861379599999999896e-45
11.405 3.771925055999999768e-45
11.431 3.685825521000000068e-45
11.458 3.602760528999999242e-45
11.484 3.522541201000000149e-45
11.51 3.445103025000000447e-45
11.537 3.370266915999999589e-45
11.564 3.297975184000000873e-45
11.59 3.228057855999999840e-45
11.617 3.160238656000000035e-45
11.644 3.094696900000000621e-45
11.671 3.031053025000000399e-45
11.697 2.969487049000000358e-45
11.724 2.909631480999999737e-45
11.752 2.851559999999999185e-45
11.779 2.795236899999999829e-45
11.806 2.740522499999999890e-45
11.833 2.687281921000000368e-45
11.86 2.635590243999999702e-45
11.888 2.585315716000000228e-45
11.915 2.536431769000000001e-45
11.943 2.488812543999999886e-45
11.97 2.442435240999999950e-45
11.998 2.397277444000000260e-45
12.025 2.353317120999999954e-45
12.053 2.310436489000000250e-45
12.081 2.268616900000000426e-45
12.109 2.227840000000000065e-45
12.137 2.188087728999999988e-45
12.165 2.149342321000000072e-45
12.193 2.111494401000000211e-45
12.221 2.074529208999999946e-45
12.249 2.038522499999999998e-45
12.277 2.003278564000000010e-45
12.306 1.968874384000000177e-45
12.334 1.935208080999999914e-45
12.362 1.902355455999999921e-45
12.391 1.870303009000000194e-45
12.419 1.838865924000000281e-45
12.448 1.808205529000000047e-45
12.477 1.778140224000000073e-45
12.506 1.748828761000000232e-45
12.534 1.720092675999999987e-45
12.563 1.691923688999999939e-45
12.592 1.664476804000000198e-45
12.621 1.637497156000000184e-45
12.65 1.611139320999999664e-45
12.68 1.585313855999999977e-45
12.709 1.560092004000000103e-45
12.738 1.535307489000000171e-45
12.767 1.511032383999999944e-45
12.797 1.487259224999999952e-45
12.826 1.463980644000000257e-45
12.856 1.441189368999999833e-45
12.886 1.418878223999999989e-45
12.915 1.396965376000000005e-45
12.945 1.375445568999999805e-45
12.975 1.354387204000000099e-45
13.005 1.333710399999999923e-45
13.035 1.313482563999999983e-45
13.065 1.293625089000000010e-45
13.095 1.274133024999999898e-45
13.125 1.255072328999999842e-45
13.156 1.236295921000000065e-45
13.186 1.217940201000000148e-45
13.216 1.199860321000000137e-45
13.247 1.182190689000000182e-45
13.277 1.164788640999999760e-45
13.308 1.147718884000000202e-45
13.339 1.130976899999999926e-45
13.369 1.114558224999999912e-45
13.4 1.098392163999999935e-45
13.431 1.082541604000000109e-45
13.462 1.067002224999999782e-45
13.493 1.051704899999999881e-45
13.524 1.036711203999999940e-45
13.555 1.021953023999999875e-45
13.587 1.007491081000000027e-45
13.618 9.932582559999998485e-46
13.649 9.793144359999999380e-46
13.681 9.655934759999999910e-46
13.712 9.520927360000000659e-46
13.744 9.388095999999998712e-46
13.776 9.258023289999998281e-46
13.808 9.130066559999998697e-46
13.839 9.004200489999998801e-46
13.871 8.880400000000000160e-46
13.903 8.758640250000000839e-46
13.935 8.639484489999999982e-46
13.968 8.521728639999999995e-46
14 8.406520359999999773e-46
14.032 8.292672089999997891e-46
14.064 8.180744039999999432e-46
14.097 8.071281000000000131e-46
14.129 7.963119609999999451e-46
14.162 7.856809000000001165e-46
14.195 7.752326489999999855e-46
14.227 7.649649640000000605e-46
14.26 7.548206760000001812e-46
14.293 7.448532639999999265e-46
14.326 7.350605440000000194e-46
14.359 7.254403559999998994e-46
14.392 7.159905640000000563e-46
14.425 7.066558890000000813e-46
14.459 6.974881000000000559e-46
14.492 6.884326439999999557e-46
14.525 6.795406240000000035e-46
14.559 6.708099999999999896e-46
14.592 6.621872889999999008e-46
14.626 6.537226240000000725e-46
14.66 6.453632160000000460e-46
14.694 6.371080810000000084e-46
14.727 6.290565610000000211e-46
14.761 6.210562409999999185e-46
14.795 6.132556959999999934e-46
14.83 6.055044490000000653e-46
14.864 5.979003039999999281e-46
14.898 5.903928040000000025e-46
14.932 5.830293159999999520e-46
14.967 5.757600249999999393e-46
15.001 5.686317160000000225e-46
15.036 5.615478090000000667e-46
15.071 5.546025000000000596e-46
15.105 5.477940250000000464e-46
15.14 5.410276000000000546e-46
15.175 5.343956889999999361e-46
15.21 5.278506249999999665e-46
15.245 5.214372250000000339e-46
15.28 5.150630249999999753e-46
15.316 5.088182490000000408e-46
15.351 5.026563999999999412e-46
15.386 4.965766560000000691e-46
15.422 4.905782010000000296e-46
15.457 4.847042559999999516e-46
15.493 4.788656889999999236e-46
15.529 4.731495039999999711e-46
15.564 4.675108839999999728e-46
15.6 4.619490489999999424e-46
15.636 4.564204959999999726e-46
15.672 4.510101689999999633e-46
15.709 4.456743210000000378e-46
15.745 4.404121960000000156e-46
15.781 4.352647689999999667e-46
15.817 4.301476000000000339e-46
15.854 4.251019239999999717e-46
15.89 4.201270090000000275e-46
15.927 4.152221289999999722e-46
15.964 4.103865639999999563e-46
16.001 4.056196000000000423e-46
16.038 4.009205290000000502e-46
16.075 3.962886490000000234e-46
16.112 3.917232639999999956e-46
16.149 3.871843289999999520e-46
16.186 3.827500959999999833e-46
16.223 3.783803040000000341e-46
16.261 3.740356000000000105e-46
16.298 3.697544410000000258e-46
16.336 3.655361609999999097e-46
16.374 3.613800999999999492e-46
16.411 3.572856040000000323e-46
16.449 3.532520249999999600e-46
16.487 3.492787209999999899e-46
16.525 3.453278889999999651e-46
16.563 3.414364840000000233e-46
16.601 3.376038759999999752e-46
16.64 3.338294410000000495e-46
16.678 3.301125609999999987e-46
16.716 3.264164889999999845e-46
16.755 3.227771559999999558e-46
16.794 3.191939560000000345e-46
16.832 3.156662890000000217e-46
16.871 3.121582240000000075e-46
16.91 3.087049000000000127e-46
16.949 3.053057290000000135e-46
16.988 3.019601290000000152e-46
17.027 2.986329610000000362e-46
17.067 2.953585959999999747e-46
17.106 2.921364639999999724e-46
17.145 2.889660010000000058e-46
17.185 2.858128360000000208e-46
17.225 2.827105959999999492e-46
17.264 2.796252840000000153e-46
17.304 2.765901610000000414e-46
17.344 2.736046809999999747e-46
17.384 2.706683040000000251e-46
17.424 2.677477689999999817e-46
17.464 2.648756249999999464e-46
17.505 2.620189689999999994e-46
17.545 2.592099999999999646e-46
17.585 2.564481960000000231e-46
17.626 2.537011840000000090e-46
17.667 2.510006489999999793e-46
17.707 2.483460809999999789e-46
17.748 2.457056249999999658e-46
17.789 2.431104640000000547e-46
17.83 2.405290810000000346e-46
17.871 2.379923290000000468e-46
17.912 2.354997160000000293e-46
17.954 2.330202250000000406e-46
17.995 2.305842250000000563e-46
18.037 2.281610249999999460e-46
18.078 2.257806759999999652e-46
18.12 2.234128089999999823e-46
18.162 2.210871609999999946e-46
18.204 2.187736810000000187e-46
18.246 2.165017960000000334e-46
18.288 2.142710439999999672e-46
18.33 2.120518439999999991e-46
18.372 2.098731690000000492e-46
18.414 2.077057439999999976e-46
18.457 2.055782440000000376e-46
18.499 2.034616959999999768e-46
18.542 2.013561000000000098e-46
18.585 1.993179239999999626e-46
18.628 1.972620250000000101e-46
18.671 1.952726759999999809e-46
18.714 1.932656040000000463e-46
18.757 1.912965609999999950e-46
18.8 1.893651209999999696e-46
18.844 1.874434810000000294e-46
18.887 1.855588840000000202e-46
18.931 1.836838090000000132e-46
18.974 1.818182559999999694e-46
19.018 1.799890559999999585e-46
19.062 1.781958010000000164e-46
19.106 1.764115240000000076e-46
19.15 1.746362250000000099e-46
19.194 1.728962010000000016e-46
19.238 1.711648889999999991e-46
19.283 1.694683240000000014e-46
19.327 1.677802090000000110e-46
19.372 1.661263210000000152e-46
19.416 1.644806250000000148e-46
19.461 1.628431209999999906e-46
19.506 1.612392039999999887e-46
19.551 1.596432249999999967e-46
19.596 1.580803290000000232e-46
19.641 1.565251209999999832e-46
19.686 1.550025000000000100e-46
19.732 1.534873209999999976e-46
19.777 1.519795840000000045e-46
19.823 1.505038239999999990e-46
19.869 1.490352640000000077e-46
19.915 1.475739040000000112e-46
19.96 1.461439209999999979e-46
20.006 1.447208999999999809e-46
20.053 1.433287840000000149e-46
20.099 1.419433960000000143e-46
20.145 1.405884490000000096e-46
20.192 1.392164010000000035e-46
20.238 1.378980490000000173e-46
20.285 1.365625960000000104e-46
20.332 1.352569000000000137e-46
20.379 1.339574760000000178e-46
20.426 1.326873609999999835e-46
20.473 1.314232959999999971e-46
20.52 1.301652810000000002e-46
20.567 1.289360250000000223e-46
20.615 1.277126009999999902e-46
20.662 1.264950090000000011e-46
20.71 1.253056359999999882e-46
20.758 1.241218810000000005e-46
20.805 1.229437439999999797e-46
20.853 1.217932960000000057e-46
20.901 1.206482559999999874e-46
20.95 1.195304889999999804e-46
20.998 1.183961609999999956e-46
21.046 1.172888999999999980e-46
21.095 1.162083999999999950e-46
21.144 1.151114410000000052e-46
21.192 1.140410410000000119e-46
21.241 1.129969000000000127e-46
21.29 1.119363999999999951e-46
21.339 1.109019609999999994e-46
21.389 1.098932890000000137e-46
21.438 1.088683560000000135e-46
21.487 1.078689959999999992e-46
21.537 1.068742440000000189e-46
21.586 1.059046809999999827e-46
21.636 1.049190489999999918e-46
21.686 1.039788089999999984e-46
21.736 1.030225000000000113e-46
21.786 1.020908159999999836e-46
21.837 1.011432489999999929e-46
21.887 1.002401440000000025e-46
21.937 9.932514244000001035e-47
21.988 9.842425680999999687e-47
22.039 9.753537600000001453e-47
22.089 9.665642596000000987e-47
22.14 9.578536899999998282e-47
22.191 9.492410041000001278e-47
22.243 9.407060099999999852e-47
22.294 9.322868025000001784e-47
22.345 9.239438883999998308e-47
22.397 9.156767481000000998e-47
22.449 9.075229695999999463e-47
22.5 8.994435921000001969e-47
22.552 8.914381055999999241e-47
22.604 8.835436009000002161e-47
22.656 8.757029240999999793e-47
22.709 8.679717224999999063e-47
22.761 8.602933504000000517e-47
22.813 8.527229648999999891e-47
22.866 8.452228096000000361e-47
22.919 8.377923961000001170e-47
22.972 8.304494640999999457e-47
23.025 8.231751440999999430e-47
23.078 8.159689560999999109e-47
23.131 8.088663969000000928e-47
23.184 8.018127936000000795e-47
23.238 7.948435716000000857e-47
23.291 7.879402756000000689e-47
23.345 7.811201160999998732e-47
23.399 7.743472008999998657e-47
23.453 7.676738688999999621e-47
23.507 7.610468643999999988e-47
23.561 7.545007043999999174e-47
23.615 7.480174143999999915e-47
23.67 7.415965455999999572e-47
23.724 7.352548008999999600e-47
23.779 7.289573640999999796e-47
23.834 7.227380196000001361e-47
23.889 7.165791800999999526e-47
23.944 7.104972681000000321e-47
23.999 7.044580623999999132e-47
24.055 6.984947776000000813e-47
24.11 6.925901283999999679e-47
24.166 6.867271161000000445e-47
24.221 6.809385360999999393e-47
24.277 6.752073240999999782e-47
24.333 6.695330625000000258e-47
24.389 6.639316324000000859e-47
24.446 6.583699599999999215e-47
24.502 6.528640000000000842e-47
24.558 6.474133444000000068e-47
24.615 6.420336128999999386e-47
24.672 6.366922849000001348e-47
24.729 6.314050520999999894e-47
24.786 6.261715160999999623e-47
24.843 6.210070416000000333e-47
24.9 6.158796484000000346e-47
24.958 6.108047716000000216e-47
25.015 6.057820223999999255e-47
25.073 6.007955120999999828e-47
25.131 5.958759249000000992e-47
25.189 5.910073128999999482e-47
25.247 5.861739843999999415e-47
25.305 5.814062500000001152e-47
25.363 5.766731720999999472e-47
25.422 5.719896899999999790e-47
25.48 5.673554329000000739e-47
25.539 5.627550288999999679e-47
25.598 5.582181795999999214e-47
25.657 5.537145744000000925e-47
25.716 5.492588543999999249e-47
25.776 5.448358968999999299e-47
25.835 5.404749289000000911e-47
25.895 5.361461283999999911e-47
25.954 5.318639040999999008e-47
26.014 5.276279044000000840e-47
26.074 5.234233103999999619e-47
26.134 5.192643599999999940e-47
26.194 5.151507075999998705e-47
26.255 5.110677121000000506e-47
26.315 5.070294436000000693e-47
26.376 5.030355625000000154e-47
26.437 4.990716025000000689e-47
26.498 4.951514688999999630e-47
26.559 4.912748281000000882e-47
26.62 4.874273855999999997e-47
26.682 4.836228849000000717e-47
26.743 4.798471441000000330e-47
26.805 4.761138000999999969e-47
26.867 4.724087823999998833e-47
26.929 4.687456224999999157e-47
26.991 4.651240000000000978e-47
27.053 4.615300096000000152e-47
27.115 4.579770276000000476e-47
27.178 4.544512568999999861e-47
27.241 4.509659715999999173e-47
27.303 4.475074816000000497e-47
27.366 4.440889600000000625e-47
27.429 4.406968225000000154e-47
27.493 4.373309161000000484e-47
27.556 4.340174399999999610e-47
27.62 4.307165640999999960e-47
27.683 4.274544400000000311e-47
27.747 4.242307688999999978e-47
27.811 4.210192995999999635e-47
27.875 4.178588164000000538e-47
27.94 4.147102404000000135e-47
28.004 4.115992336000000024e-47
28.069 4.085255055999999757e-47
28.133 4.054760328999999532e-47
28.198 4.024506720999999834e-47
28.263 3.994619208999999490e-47
28.328 3.964969023999999529e-47
28.394 3.935554755999999600e-47
28.459 3.906500003999999494e-47
28.525 3.877677441000000449e-47
28.591 3.849085680999999821e-47
28.656 3.820723343999999738e-47
28.723 3.792712224999999874e-47
28.789 3.765049600000000559e-47
28.855 3.737488224999999802e-47
28.922 3.710271743999999568e-47
28.988 3.683276100000000098e-47
29.055 3.656499960999999904e-47
29.122 3.630062499999999934e-47
29.189 3.603841023999999830e-47
29.257 3.577834225000000185e-47
29.324 3.552040801000000532e-47
29.392 3.526578224999999539e-47
29.46 3.501325583999999744e-47
29.528 3.476281600000000332e-47
29.596 3.451445001000000398e-47
29.664 3.426814521000000409e-47
29.732 3.402505561000000230e-47
29.801 3.378399376000000289e-47
29.87 3.354494724000000218e-47
29.938 3.330790369000000532e-47
30.007 3.307285081000000202e-47
30.077 3.283977636000000054e-47
30.146 3.260981024999999919e-47
30.216 3.238179024999999761e-47
30.285 3.215570436000000544e-47
30.355 3.193154063999999741e-47
30.425 3.170928720999999598e-47
30.495 3.148893225000000331e-47
30.566 3.127158241000000025e-47
30.636 3.105498529000000034e-47
30.707 3.084136225000000173e-47
30.777 3.062847648999999961e-47
30.848 3.041853409000000421e-47
30.92 3.021041296000000371e-47
30.991 3.000410175999999812e-47
31.062 2.979958921000000117e-47
31.134 2.959686409000000139e-47
31.206 2.939591524000000105e-47
31.278 2.919673156000000151e-47
31.35 2.899930201000000329e-47
31.422 2.880361561000000113e-47
31.495 2.860966144000000353e-47
31.567 2.841849480999999914e-47
31.64 2.822796900000000049e-47
31.713 2.803914303999999548e-47
31.786 2.785200624999999882e-47
31.859 2.766759999999999982e-47
31.933 2.748380625000000129e-47
32.007 2.730167000999999943e-47
32.08 2.712118083999999572e-47
32.154 2.694336648999999815e-47
32.228 2.676613696000000265e-47
32.303 2.659052355999999772e-47
32.377 2.641651609000000078e-47
32.452 2.624410441000000409e-47
32.527 2.607327843999999900e-47
32.602 2.590402816000000518e-47
32.677 2.573532899999999746e-47
32.752 2.556920356000000146e-47
32.828 2.540462409000000432e-47
32.904 2.524057599999999908e-47
32.979 2.507906241000000198e-47
33.055 2.491806723999999609e-47
33.132 2.475958081000000114e-47
33.208 2.460160000000000087e-47
33.285 2.444511364000000019e-47
33.361 2.429011225000000117e-47
33.438 2.413658641000000014e-47
33.515 2.398354729000000193e-47
33.593 2.383294760999999906e-47
33.67 2.368379556000000416e-47
33.748 2.353511169000000036e-47
33.826 2.338786320999999821e-47
33.904 2.324204099999999939e-47
33.982 2.309763599999999985e-47
34.06 2.295463920999999953e-47
34.139 2.281208644000000056e-47
34.218 2.267092996000000279e-47
34.296 2.253211024000000144e-47
34.376 2.239371684000000180e-47
34.455 2.225574975999999902e-47
34.534 2.212009023999999859e-47
34.614 2.198484544000000044e-47
34.694 2.185188516000000263e-47
34.774 2.171932815999999723e-47
34.854 2.158810369000000202e-47
34.934 2.145727684000000313e-47
35.015 2.132777123999999899e-47
35.096 2.120049935999999756e-47
35.176 2.107360835999999583e-47
35.258 2.094709824000000352e-47
35.339 2.082279424000000304e-47
35.42 2.069886016000000239e-47
35.502 2.057620321000000197e-47
35.584 2.045481529000000316e-47
35.666 2.033378648999999878e-47
35.748 2.021401599999999752e-47
35.831 2.009549584000000148e-47
35.913 1.997821809000000213e-47
35.996 1.986128355999999805e-47
36.079 1.974558096000000326e-47
36.162 1.963110248999999777e-47
36.246 1.951784040999999961e-47
36.329 1.940490600999999962e-47
36.413 1.929317775999999660e-47
36.497 1.918177209000000047e-47
36.581 1.907243584000000212e-47
36.666 1.896341208999999959e-47
36.75 1.885556928999999677e-47
36.835 1.874803401000000160e-47
36.92 1.864166976000000165e-47
37.005 1.853646915999999999e-47
37.09 1.843156623999999871e-47
37.176 1.832781721000000268e-47
37.262 1.822521481000000347e-47
37.347 1.812375184000000153e-47
37.434 1.802257208999999928e-47
37.52 1.792252225000000019e-47
37.606 1.782275089000000182e-47
37.693 1.772410000000000242e-47
37.78 1.762656255999999981e-47
37.867 1.752929424000000310e-47
37.955 1.743313008999999827e-47
38.042 1.733806321000000083e-47
38.13 1.724325625000000161e-47
38.218 1.714953743999999688e-47
38.306 1.705607400999999903e-47
38.394 1.696368968999999942e-47
38.483 1.687237775999999878e-47
38.571 1.678131225000000113e-47
38.66 1.669131024999999820e-47
38.75 1.660155025000000030e-47
38.839 1.651365769000000246e-47
38.928 1.642518784000000215e-47
39.018 1.633776399999999969e-47
39.108 1.625137968999999959e-47
39.198 1.616602848999999820e-47
39.289 1.608090200999999851e-47
39.379 1.599600025000000293e-47
39.47 1.591291880999999827e-47
39.561 1.582925795999999938e-47
39.652 1.574740488999999676e-47
39.744 1.566497240999999747e-47
39.836 1.558433529000000049e-47
39.927 1.550390625000000145e-47
40.019 1.542368529000000277e-47
40.112 1.534445584000000315e-47
40.204 1.526621183999999856e-47
40.297 1.518816784000000355e-47
40.39 1.511110128999999783e-47
40.483 1.503423075999999813e-47
40.576 1.495832975999999865e-47
40.67 1.488262084000000266e-47
40.764 1.480787360999999803e-47
40.858 1.473408224999999909e-47
40.952 1.465970944000000162e-47
41.046 1.458705248999999859e-47
41.141 1.451457603999999769e-47
41.236 1.444228009000000136e-47
41.331 1.437092280999999732e-47
41.426 1.429974224999999948e-47
41.522 1.422949283999999820e-47
41.618 1.416016900000000192e-47
41.714 1.409101443999999875e-47
41.81 1.402202916000000085e-47
41.906 1.395396025000000268e-47
42.003 1.388605695999999750e-47
42.1 1.381906276000000257e-47
42.197 1.375297224999999937e-47
42.294 1.368704016000000175e-47
42.392 1.362126648999999755e-47
42.489 1.355638760999999734e-47
42.587 1.349166360999999840e-47
42.686 1.342782736000000316e-47
42.784 1.336414249000000107e-47
42.883 1.330060899999999941e-47
42.981 1.323868224999999880e-47
43.081 1.317617400999999862e-47
43.18 1.311453795999999966e-47
43.28 1.305376900000000093e-47
43.379 1.299242025000000052e-47
43.479 1.293265444000000132e-47
43.58 1.287302640999999743e-47
43.68 1.281353615999999857e-47
43.781 1.275489796000000364e-47
43.882 1.269639424000000108e-47
43.983 1.263802500000000061e-47
44.084 1.258049961000000288e-47
44.186 1.252381321000000338e-47
44.288 1.246654864000000047e-47
44.39 1.241082440999999747e-47
44.492 1.235452200999999837e-47
44.595 1.229904900000000131e-47
44.698 1.224440063999999760e-47
44.801 1.218987395999999946e-47
44.904 1.213546895999999959e-47
45.008 1.208188080999999983e-47
45.112 1.202841124000000058e-47
45.216 1.197506024999999942e-47
45.32 1.192251841000000041e-47
45.424 1.187078116000000197e-47
45.529 1.181846884000000032e-47
45.634 1.176695809000000111e-47
45.739 1.171624440999999947e-47
45.845 1.166564024999999916e-47
45.951 1.161514561000000260e-47
46.057 1.156544063999999885e-47
46.163 1.151584225000000039e-47
46.269 1.146635043999999749e-47
46.376 1.141764099999999983e-47
46.483 1.136903523999999788e-47
46.59 1.132053315999999892e-47
46.697 1.127280625000000320e-47
46.805 1.122518015999999951e-47
46.913 1.117832356000000244e-47
47.021 1.113156495999999718e-47
47.13 1.108490436000000074e-47
47.238 1.103900624999999954e-47
47.347 1.099320335999999826e-47
47.457 1.094749569000000055e-47
47.566 1.090254361000000021e-47
47.676 1.085768401000000044e-47
47.786 1.081357455999999915e-47
47.896 1.076955489000000010e-47
48.006 1.072562500000000088e-47
48.117 1.068178488999999904e-47
48.228 1.063868688999999985e-47
48.339 1.059567600999999956e-47
48.451 1.055340196000000110e-47
48.562 1.051056399999999960e-47
48.674 1.046846025000000004e-47
48.787 1.042708680999999972e-47
48.899 1.038579528999999956e-47
49.012 1.034458568999999954e-47
49.125 1.030345800999999967e-47
49.238 1.026305296000000040e-47
49.352 1.022272728999999860e-47
49.465 1.018248100000000035e-47
49.579 1.014295104000000095e-47
49.694 1.010349795999999981e-47
49.808 1.006412175999999937e-47
49.923 1.002545569000000105e-47
50.038 9.986864040000000394e-48
50.154 9.948346809999999833e-48
50.269 9.910533609999999972e-48
50.385 9.872792410000000641e-48
50.502 9.835123210000000626e-48
50.618 9.797526009999999926e-48
50.735 9.760625640000000358e-48
50.852 9.723794889999999148e-48
50.969 9.687033759999999943e-48
51.087 9.650963559999999558e-48
51.204 9.614960640000000041e-48
51.322 9.579024999999998962e-48
51.441 9.543774490000000631e-48
51.559 9.507972250000000374e-48
51.678 9.472852839999999120e-48
51.797 9.438412839999999324e-48
51.917 9.403422249999999214e-48
52.037 9.369108809999999071e-48
52.157 9.334858089999999422e-48
52.277 9.301280040000000226e-48
52.397 9.267153640000000472e-48
52.518 9.233697690000000717e-48
52.639 9.200908889999999235e-48
52.761 9.167572840000000202e-48
52.882 9.134901759999998809e-48
53.004 9.102289000000000471e-48
53.127 9.069734559999999112e-48
53.249 9.037839689999998756e-48
53.372 9.005400809999999804e-48
53.495 8.973619359999999831e-48
53.618 8.942492160000000223e-48
53.742 8.910822009999999125e-48
53.866 8.879804009999999835e-48
53.99 8.848840089999999372e-48
54.115 8.818524159999999779e-48
54.239 8.787667360000000381e-48
54.365 8.757456490000000688e-48
54.49 8.727297639999999870e-48
54.616 8.697190810000000360e-48
54.741 8.667724809999999544e-48
54.868 8.638308809999999907e-48
54.994 8.608942809999999017e-48
55.121 8.579626810000000522e-48
55.248 8.550360809999999560e-48
55.376 8.521728640000000481e-48
55.503 8.493144490000001059e-48
55.631 8.464608360000000079e-48
55.76 8.436701160000000299e-48
55.888 8.408260089999999954e-48
56.017 8.380446010000000326e-48
56.146 8.352678009999999869e-48
56.276 8.325533160000000197e-48
56.405 8.297856360000001143e-48
56.535 8.270800809999998564e-48
56.666 8.243789439999999357e-48
56.797 8.216822249999999876e-48
56.928 8.190471609999998943e-48
57.059 8.163591840000000058e-48
57.19 8.137326759999998880e-48
57.322 8.111104000000000235e-48
57.454 8.084923559999999260e-48
57.587 8.059353210000000658e-48
57.72 8.033823359999999924e-48
57.853 8.008334009999999489e-48
57.986 7.982885159999999351e-48
58.12 7.957476809999999513e-48
58.254 7.932672249999999084e-48
58.388 7.907344000000000808e-48
58.523 7.882617760000000746e-48
58.658 7.857930240000001002e-48
58.793 7.833841209999999332e-48
58.929 7.809230249999999276e-48
59.065 7.785216039999999568e-48
59.201 7.761238810000000018e-48
59.337 7.737298559999999412e-48
59.474 7.713395290000000181e-48
59.611 7.690083610000001161e-48
59.749 7.666807209999999532e-48
59.887 7.643013159999999923e-48
60.025 7.620360249999999389e-48
60.163 7.597189689999998443e-48
60.302 7.574054409999999751e-48
60.441 7.551503999999999567e-48
60.58 7.528987209999998691e-48
60.72 7.506504040000000770e-48
60.86 7.484054489999999725e-48
61 7.461638560000000419e-48
61.141 7.439801760000000244e-48
61.282 7.417996959999999900e-48
61.423 7.396224160000000602e-48
61.565 7.374483359999999919e-48
61.707 7.352774560000000282e-48
61.849 7.331097760000000476e-48
61.992 7.309993690000000321e-48
62.135 7.288920039999999126e-48
62.278 7.267876810000000538e-48
62.422 7.246864000000000909e-48
62.566 7.225881609999999026e-48
62.71 7.205466489999999816e-48
62.855 7.184544160000001146e-48
62.999 7.164187559999999240e-48
63.145 7.143859840000001322e-48
63.29 7.123561000000000100e-48
63.436 7.103824089999999180e-48
63.583 7.083582250000000809e-48
63.729 7.063900840000000297e-48
63.876 7.044246810000000117e-48
64.023 7.024620159999999052e-48
64.171 7.005020890000000750e-48
64.319 6.985449000000000349e-48
64.467 6.965904490000000279e-48
64.616 6.946914490000000098e-48
64.765 6.927950410000000060e-48
64.914 6.909012250000000164e-48
65.064 6.890100010000000411e-48
65.214 6.871213689999999584e-48
65.365 6.852353290000000116e-48
65.515 6.834041640000000640e-48
65.666 6.815232360000001013e-48
65.818 6.796970409999999797e-48
65.97 6.778732959999999572e-48
66.122 6.760520010000000337e-48
66.274 6.742331560000000878e-48
66.427 6.724686240000000284e-48
66.58 6.706546090000000452e-48
66.734 6.688947690000000156e-48
66.888 6.671372410000000305e-48
67.042 6.653820249999999685e-48
67.196 6.636291210000000727e-48
67.351 6.618785289999999783e-48
67.507 6.601816359999998892e-48
67.662 6.584356000000000650e-48
67.818 6.567431290000000522e-48
67.975 6.550528360000000116e-48
68.132 6.533647209999999434e-48
68.289 6.516787840000000906e-48
68.446 6.499950249999999669e-48
68.604 6.483134439999999371e-48
68.762 6.466849000000000017e-48
68.921 6.450076089999999063e-48
69.08 6.433832249999999366e-48
69.239 6.417608889999999707e-48
69.399 6.401406010000000086e-48
69.559 6.385223609999999287e-48
69.719 6.369061689999999740e-48
69.88 6.353424360000000721e-48
70.041 6.337302760000000451e-48
70.202 6.321704490000000845e-48
70.364 6.306125439999998983e-48
70.527 6.290063999999999658e-48
70.689 6.275025000000000641e-48
70.852 6.259503610000000516e-48
71.016 6.244001439999999350e-48
71.179 6.228518489999999573e-48
71.344 6.213553289999999155e-48
71.508 6.198108159999999446e-48
71.673 6.183179560000000271e-48
71.838 6.168268960000000012e-48
72.004 6.153376360000001102e-48
72.17 6.138501759999999894e-48
72.336 6.123645160000001249e-48
72.503 6.109300889999999946e-48
72.67 6.094479689999999374e-48
72.838 6.080169640000000787e-48
73.006 6.065383839999999503e-48
73.174 6.051108009999999985e-48
73.343 6.036848999999999165e-48
73.512 6.022606810000000689e-48
73.682 6.008381439999999695e-48
73.852 5.994172889999999830e-48
74.022 5.980470249999999739e-48
74.193 5.966294759999999243e-48
74.364 5.952624039999999339e-48
74.535 5.938968999999998950e-48
74.707 5.924842810000000924e-48
74.879 5.911219689999999507e-48
75.052 5.897612249999998822e-48
75.225 5.884020489999998867e-48
75.399 5.870928999999999473e-48
75.572 5.857368039999999826e-48
75.747 5.843822759999999696e-48
75.921 5.830776090000000826e-48
76.096 5.817261609999999789e-48
76.272 5.804244640000000651e-48
76.448 5.791242249999999239e-48
76.624 5.778254440000000414e-48
76.801 5.765281210000000529e-48
76.978 5.752322559999999585e-48
77.155 5.739378490000000013e-48
77.333 5.726927610000000899e-48
77.512 5.714012159999999787e-48
77.69 5.701588839999999596e-48
77.87 5.688702010000000591e-48
78.049 5.676306249999999323e-48
78.229 5.663924010000001103e-48
78.409 5.651555289999999856e-48
78.59 5.639200090000000443e-48
78.772 5.626858410000000432e-48
78.953 5.614530250000001039e-48
79.135 5.602215609999999834e-48
79.318 5.590387360000000171e-48
79.501 5.578099240000000085e-48
79.684 5.566296490000000611e-48
79.868 5.554034889999999213e-48
80.052 5.542257640000001142e-48
80.236 5.530492890000000327e-48
80.421 5.518740640000000414e-48
80.607 5.507000889999998973e-48
80.793 5.495273640000000865e-48
80.979 5.483558890000000013e-48
81.166 5.472324490000000230e-48
81.353 5.460634239999999762e-48
81.541 5.448956489999999588e-48
81.729 5.437757609999999775e-48
81.917 5.426570249999999755e-48
82.106 5.414928999999999445e-48
82.295 5.403765159999999307e-48
82.485 5.392612839999999570e-48
82.675 5.381472039999999626e-48
82.866 5.370342759999999476e-48
83.057 5.359224999999999118e-48
83.249 5.348118759999999161e-48
83.441 5.337486090000000053e-48
83.633 5.326402409999999996e-48
83.826 5.315330249999999731e-48
84.019 5.304730240000000556e-48
84.213 5.294140809999999279e-48
84.407 5.283102249999999019e-48
84.602 5.272534439999999393e-48
84.797 5.261977210000000095e-48
84.992 5.251430560000000519e-48
85.188 5.240894489999999449e-48
85.385 5.230368999999999924e-48
85.582 5.219854090000000120e-48
85.779 5.209806249999999699e-48
85.977 5.199312040000000169e-48
86.175 5.188828410000000360e-48
86.374 5.178810489999999301e-48
86.573 5.168347559999999766e-48
86.773 5.158349440000000554e-48
86.973 5.148361000000000206e-48
87.173 5.137928890000000283e-48
87.374 5.127960249999999960e-48
87.576 5.118001290000000323e-48
87.778 5.108052009999999551e-48
87.98 5.098112410000000681e-48
88.183 5.088182490000000067e-48
88.386 5.078712959999999387e-48
88.59 5.068801960000000282e-48
88.795 5.058900639999999433e-48
88.999 5.049458410000000656e-48
89.205 5.039576010000000101e-48
89.41 5.030151839999999366e-48
89.616 5.020288360000000319e-48
89.823 5.010882250000000058e-48
90.03 5.001484959999999448e-48
90.238 4.992096489999999097e-48
90.446 4.982716840000000222e-48
90.655 4.973346010000000390e-48
90.864 4.963983999999999603e-48
91.073 4.954630809999999075e-48
91.283 4.945286440000000629e-48
91.494 4.935950890000000012e-48
91.705 4.927068090000000504e-48
91.916 4.917749759999999844e-48
92.128 4.908440249999999443e-48
92.34 4.899582249999999591e-48
92.553 4.890289960000000970e-48
92.767 4.881448360000000469e-48
92.981 4.872614760000000837e-48
93.195 4.863348090000000655e-48
93.41 4.854530890000000375e-48
93.625 4.845721690000000355e-48
93.841 4.836920490000000597e-48
94.058 4.828127290000000494e-48
94.275 4.819342090000000651e-48
94.492 4.810564890000000463e-48
94.71 4.802233959999999220e-48
94.928 4.793472359999999511e-48
95.147 4.784718759999999456e-48
95.367 4.776410249999999950e-48
95.587 4.767672249999999767e-48
95.807 4.758942249999999845e-48
96.028 4.750656160000000254e-48
96.249 4.742377290000000748e-48
96.471 4.733670490000000916e-48
96.694 4.725406439999999891e-48
96.917 4.717149610000000166e-48
97.14 4.708900000000000528e-48
97.364 4.700657609999999151e-48
97.589 4.692422439999999684e-48
97.814 4.684194490000000302e-48
98.039 4.675973760000000398e-48
98.266 4.667760249999999365e-48
98.492 4.659553959999999632e-48
98.719 4.651354889999999985e-48
98.947 4.643594009999999378e-48
99.175 4.635408999999999770e-48
99.404 4.627231210000000247e-48
99.633 4.619490489999999279e-48
99.863 4.611326759999999795e-48
100.09 4.603599360000000942e-48
100.32 4.595878439999999998e-48
100.56 4.587735610000000506e-48
100.79 4.580028009999999854e-48
101.02 4.572326890000000150e-48
101.25 4.564632249999999569e-48
101.49 4.556944090000000544e-48
101.72 4.549262409999999427e-48
101.95 4.541587210000000472e-48
102.19 4.533918490000000034e-48
102.43 4.526256250000000543e-48
102.66 4.518600489999999569e-48
102.9 4.510951210000000757e-48
103.14 4.503308409999999854e-48
103.37 4.496096159999999166e-48
103.61 4.488465960000000543e-48
103.85 4.480842239999999221e-48
104.09 4.473648010000000400e-48
104.33 4.466036890000000144e-48
104.57 4.458854559999999425e-48
104.81 4.451678010000000945e-48
105.05 4.444085610000000049e-48
105.3 4.436920959999999671e-48
105.54 4.429762089999999101e-48
105.78 4.422609000000000162e-48
106.03 4.415041439999999959e-48
106.27 4.407900249999999123e-48
106.52 4.400764840000000525e-48
106.76 4.393635209999999911e-48
107.01 4.386511359999999713e-48
107.25 4.379393289999999322e-48
107.5 4.372699209999999163e-48
107.75 4.365592360000000508e-48
108 4.358491290000000445e-48
108.25 4.351395999999999582e-48
108.5 4.344723360000000052e-48
108.75 4.337639289999999709e-48
109 4.330561000000000997e-48
109.25 4.323904360000000774e-48
109.5 4.316837290000000152e-48
109.75 4.310191210000000347e-48
110.01 4.303550250000000247e-48
110.26 4.296499840000000250e-48
110.51 4.289869439999999961e-48
110.77 4.283244159999999985e-48
111.02 4.276624000000000323e-48
111.28 4.269595689999999840e-48
111.54 4.262986089999999988e-48
111.79 4.256381609999999841e-48
112.05 4.249782250000000008e-48
112.31 4.243188009999999880e-48
112.57 4.236598890000000066e-48
112.83 4.230014889999999957e-48
113.09 4.223436010000000161e-48
113.35 4.217272960000000440e-48
113.61 4.210704000000000263e-48
113.87 4.204140160000000400e-48
114.14 4.197581440000000242e-48
114.4 4.191437290000000904e-48
114.66 4.184888490000000973e-48
114.93 4.178753639999999758e-48
115.19 4.172214759999999447e-48
115.46 4.166089210000000002e-48
115.72 4.159560249999999918e-48
115.99 4.153444000000000420e-48
116.26 4.146924960000000563e-48
116.53 4.140818009999999189e-48
116.8 4.134715559999999672e-48
117.06 4.128617610000000187e-48
117.33 4.122118090000000385e-48
117.61 4.116029440000000240e-48
117.88 4.109945289999999520e-48
118.15 4.103865640000000049e-48
118.42 4.097790490000000003e-48
118.69 4.091719840000000598e-48
118.97 4.085653689999999404e-48
119.24 4.079592040000000065e-48
119.52 4.073534890000000152e-48
119.79 4.067885609999999267e-48
120.07 4.061837160000000147e-48
120.35 4.055793210000000453e-48
120.62 4.049753760000000792e-48
120.9 4.044120999999999939e-48
121.18 4.038090250000000464e-48
121.46 4.032063999999999198e-48
121.74 4.026443560000000049e-48
122.02 4.020426010000000184e-48
122.3 4.014813689999999547e-48
122.58 4.008804839999999868e-48
122.87 4.003200639999999566e-48
123.15 3.997600360000000055e-48
123.43 3.991604410000000714e-48
123.72 3.986012249999999715e-48
124 3.980424010000000722e-48
124.29 3.974839690000000088e-48
124.58 3.968860840000000023e-48
124.86 3.963284639999999725e-48
125.15 3.957712360000000217e-48
125.44 3.952143999999999677e-48
125.73 3.946579560000000534e-48
126.02 3.941019039999999752e-48
126.31 3.935462440000000368e-48
126.6 3.929909759999999344e-48
126.89 3.924361000000000325e-48
127.19 3.919212090000000162e-48
127.48 3.913670889999999109e-48
127.77 3.908133610000000061e-48
128.07 3.902600249999999374e-48
128.36 3.897465640000000612e-48
128.66 3.891939839999999713e-48
128.96 3.886417960000000212e-48
129.25 3.881294010000000208e-48
129.55 3.875779689999999280e-48
129.85 3.870662760000000252e-48
130.15 3.865155999999999720e-48
130.45 3.860046089999999236e-48
130.75 3.854546890000000316e-48
131.05 3.849443999999999592e-48
131.35 3.844344489999999630e-48
131.66 3.838856490000000104e-48
131.96 3.833763999999999902e-48
132.26 3.828674889999999248e-48
132.57 3.823198090000000330e-48
132.88 3.818116000000000043e-48
133.18 3.813037289999999303e-48
133.49 3.807961960000000541e-48
133.8 3.802890010000000110e-48
134.11 3.797821439999999834e-48
134.41 3.792756249999999712e-48
134.72 3.787694440000000960e-48
135.04 3.782636010000000540e-48
135.35 3.777580960000000274e-48
135.66 3.772529289999999555e-48
135.97 3.767869209999999802e-48
136.29 3.762824039999999333e-48
136.6 3.757782250000000235e-48
136.91 3.752743840000000075e-48
137.23 3.748095999999999950e-48
137.55 3.743064090000000041e-48
137.86 3.738035559999999679e-48
138.18 3.733396839999999694e-48
138.5 3.728374810000000798e-48
138.82 3.723742090000000250e-48
139.14 3.718726560000000389e-48
139.46 3.714099840000000492e-48
139.78 3.709090809999999666e-48
140.1 3.704470089999999814e-48
140.43 3.699467559999999239e-48
140.75 3.694852839999999431e-48
141.08 3.690240999999999571e-48
141.4 3.685632039999999659e-48
141.73 3.680642250000000742e-48
142.05 3.676039290000000874e-48
142.38 3.671439210000000956e-48
142.71 3.666842010000000985e-48
143.04 3.662247690000000963e-48
143.37 3.657656249999999066e-48
143.7 3.653067689999999548e-48
144.03 3.648482009999999370e-48
144.36 3.643899209999999141e-48
144.7 3.639319289999999468e-48
145.03 3.634742249999999136e-48
145.36 3.630168089999999359e-48
145.7 3.625596809999999531e-48
146.04 3.621028409999999651e-48
146.37 3.616462889999999720e-48
146.71 3.612280359999999515e-48
147.05 3.607720359999999940e-48
147.39 3.603163239999999706e-48
147.73 3.598988409999999883e-48
148.07 3.594436810000000005e-48
148.41 3.589888090000000076e-48
148.75 3.585720960000000633e-48
149.09 3.581177760000000453e-48
149.44 3.577015689999999768e-48
149.78 3.572478009999999336e-48
150.13 3.568320999999999839e-48
150.47 3.563788839999999764e-48
150.82 3.559636890000000239e-48
151.17 3.555487360000000886e-48
151.52 3.550963360000000361e-48
151.87 3.546818889999999764e-48
152.22 3.542676839999999947e-48
152.57 3.538537210000000302e-48
152.92 3.534399999999999614e-48
153.27 3.529889439999999455e-48
153.63 3.525757289999999955e-48
153.98 3.521627560000000018e-48
154.34 3.517500250000000253e-48
154.69 3.513375359999999445e-48
155.05 3.509252890000000023e-48
155.41 3.505132840000000166e-48
155.76 3.501015210000000481e-48
156.12 3.496899999999999144e-48
156.48 3.492787209999999802e-48
156.84 3.489050410000000338e-48
157.21 3.484942239999999280e-48
157.57 3.480836489999999610e-48
157.93 3.476733160000000111e-48
158.3 3.472632250000000783e-48
158.66 3.468906250000000062e-48
159.03 3.464809960000000235e-48
159.39 3.460716090000000578e-48
159.76 3.456996489999999945e-48
160.13 3.452907240000000396e-48
160.5 3.449191839999999307e-48
160.87 3.445107209999999865e-48
161.24 3.441396010000000752e-48
161.61 3.437315999999999594e-48
161.98 3.433609000000000026e-48
162.36 3.429533610000000798e-48
162.73 3.425830810000000167e-48
163.11 3.422130010000000969e-48
163.48 3.418061439999999959e-48
163.86 3.414364840000000306e-48
164.24 3.410670239999999654e-48
164.62 3.406977640000000435e-48
165 3.403287039999999611e-48
165.38 3.399229690000000337e-48
165.76 3.395543289999999665e-48
166.14 3.391858889999999818e-48
166.52 3.388176489999999580e-48
166.91 3.384496090000000168e-48
167.29 3.380817689999999150e-48
167.68 3.377141290000000172e-48
168.07 3.373466889999999588e-48
168.45 3.369794490000000437e-48
168.84 3.366124089999999680e-48
169.23 3.362455690000000356e-48
169.62 3.359155839999999980e-48
170.01 3.355491240000000765e-48
170.4 3.351828639999999944e-48
170.8 3.348168040000000556e-48
171.19 3.344875209999999941e-48
171.59 3.341218409999999446e-48
171.98 3.337563610000000384e-48
172.38 3.334275999999999637e-48
172.78 3.330625000000000684e-48
173.17 3.327340810000000521e-48
173.57 3.323693609999999854e-48
173.97 3.320412840000000883e-48
174.37 3.316769439999999718e-48
174.78 3.313492089999999508e-48
175.18 3.309852490000000274e-48
175.58 3.306578560000000041e-48
175.99 3.303306249999999893e-48
176.39 3.299672250000000052e-48
176.8 3.296403359999999881e-48
177.21 3.293136089999999794e-48
177.62 3.289507690000000562e-48
178.03 3.286243839999999844e-48
178.44 3.282981609999999818e-48
178.85 3.279720999999999270e-48
179.26 3.276462010000000629e-48
179.68 3.273204640000000251e-48
180.09 3.269948889999999957e-48
180.5 3.266694759999999140e-48
180.92 3.263442250000000232e-48
181.34 3.260191360000000192e-48
181.76 3.256942089999999630e-48
182.18 3.253694439999999761e-48
182.6 3.250448410000000584e-48
183.02 3.247204000000000277e-48
183.44 3.243961210000000054e-48
183.86 3.241080089999999612e-48
184.29 3.237840359999999753e-48
184.71 3.234602250000000585e-48
185.14 3.231365760000000288e-48
185.56 3.228490240000000454e-48
185.99 3.225256809999999912e-48
186.42 3.222384010000000131e-48
186.85 3.219153639999999344e-48
187.28 3.216283559999999615e-48
187.71 3.213056250000000406e-48
188.15 3.210188890000000731e-48
188.58 3.206964640000000061e-48
189.01 3.204100000000000438e-48
189.45 3.200878810000000131e-48
189.89 3.198016889999999953e-48
190.33 3.195156250000000156e-48
190.76 3.191939559999999883e-48
191.2 3.189081639999999531e-48
191.65 3.186224999999999561e-48
192.09 3.183369639999999366e-48
192.53 3.180158889999999404e-48
192.97 3.177306249999999261e-48
193.42 3.174454889999999501e-48
193.87 3.171604809999999515e-48
194.31 3.168756009999999303e-48
194.76 3.165908489999999474e-48
195.21 3.163062249999999419e-48
195.66 3.160217289999999138e-48
196.11 3.157373609999999240e-48
196.56 3.154531209999999724e-48
197.02 3.151690089999999374e-48
197.47 3.148850249999999407e-48
197.93 3.146366440000000005e-48
198.38 3.143528999999999691e-48
198.84 3.140692839999999759e-48
199.3 3.137857959999999601e-48
199.76 3.135378490000000337e-48
200.22 3.132546010000000440e-48
200.68 3.129714810000000318e-48
201.14 3.127238560000000705e-48
201.61 3.124409760000000235e-48
202.07 3.121935609999999787e-48
202.54 3.119109209999999578e-48
203 3.116637160000000117e-48
203.47 3.113813160000000169e-48
203.94 3.111343210000000481e-48
204.41 3.108521610000000186e-48
204.88 3.106053760000000270e-48
205.36 3.103586889999999641e-48
205.83 3.100768809999999485e-48
206.3 3.098304039999999843e-48
206.78 3.095840250000000095e-48
207.26 3.093377440000000848e-48
207.73 3.090915609999999672e-48
208.21 3.088103289999999413e-48
208.69 3.085643559999999833e-48
209.18 3.083184810000000146e-48
209.66 3.080727040000000353e-48
210.14 3.078270249999999846e-48
210.63 3.075814439999999840e-48
211.11 3.073359610000000336e-48
211.6 3.070905760000000726e-48
212.09 3.068452889999999794e-48
212.58 3.066351210000000300e-48
213.07 3.063900159999999171e-48
213.56 3.061450089999999759e-48
214.05 3.059001000000000241e-48
214.54 3.056552890000000616e-48
215.04 3.054455289999999985e-48
215.53 3.052009000000000163e-48
216.03 3.049563690000000235e-48
216.53 3.047468489999999865e-48
217.03 3.045025000000000347e-48
217.53 3.042931359999999721e-48
218.03 3.040489690000000006e-48
218.53 3.038397610000000340e-48
219.04 3.035957759999999212e-48
219.54 3.033867239999999898e-48
220.05 3.031429210000000396e-48
220.56 3.029340249999999610e-48
221.06 3.027252010000000482e-48
221.57 3.025164489999999974e-48
222.08 3.022729960000000093e-48
222.6 3.020643999999999329e-48
223.11 3.018558760000000223e-48
223.62 3.016474239999999738e-48
224.14 3.014390440000000302e-48
224.66 3.011960250000000558e-48
225.18 3.009878009999999652e-48
225.69 3.007796490000000403e-48
226.22 3.005715689999999775e-48
226.74 3.003635610000000197e-48
227.26 3.001902760000000228e-48
227.78 2.999823999999999639e-48
228.31 2.997745960000000100e-48
228.84 2.995668639999999789e-48
229.36 2.993592039999999920e-48
229.89 2.991516159999999279e-48
230.42 2.989786810000000755e-48
230.95 2.987712249999999710e-48
231.49 2.985638410000000324e-48
232.02 2.983910760000000313e-48
232.56 2.981838239999999308e-48
233.09 2.979766439999999961e-48
233.63 2.978040489999999678e-48
234.17 2.975970010000000536e-48
234.71 2.974245160000000221e-48
235.25 2.972520810000000113e-48
235.79 2.970452250000000328e-48
236.34 2.968729000000000187e-48
236.88 2.966661759999999391e-48
237.43 2.964939610000000433e-48
237.97 2.963217960000000466e-48
238.52 2.961496810000000098e-48
239.07 2.959432090000000852e-48
239.62 2.957712040000000451e-48
240.18 2.955992490000000256e-48
240.73 2.954273439999999660e-48
241.29 2.952554889999999270e-48
241.84 2.950836840000000302e-48
242.4 2.949119289999999717e-48
242.96 2.947402239999999946e-48
243.52 2.945685689999999166e-48
244.08 2.943969640000000416e-48
244.64 2.942254090000000048e-48
245.21 2.940539039999999886e-48
245.77 2.939167359999999493e-48
246.34 2.937453209999999581e-48
246.91 2.935739560000000483e-48
247.48 2.934369000000000576e-48
248.05 2.932656249999999905e-48
248.62 2.930944000000000047e-48
249.19 2.929574560000000018e-48
249.77 2.927863209999999196e-48
250.34 2.926494489999999610e-48
250.92 2.924784040000000252e-48
251.5 2.923416040000000501e-48
252.08 2.921706490000000177e-48
252.66 2.920339210000000262e-48
253.24 2.918972250000000138e-48
253.83 2.917263999999999500e-48
254.41 2.915897759999999818e-48
255 2.914531839999999929e-48
255.59 2.913166239999999831e-48
256.18 2.911800959999999525e-48
256.77 2.910094809999999267e-48
257.36 2.908730249999999404e-48
257.95 2.907366009999999332e-48
258.55 2.906002089999999660e-48
259.14 2.904638489999999779e-48
259.74 2.903275209999999690e-48
260.34 2.901912249999999393e-48
260.94 2.900890239999999907e-48
261.54 2.899527839999999549e-48
262.15 2.898165759999999591e-48
262.75 2.896804000000000032e-48
263.36 2.895782890000000188e-48
263.96 2.894421689999999960e-48
264.57 2.893060810000000132e-48
265.18 2.892040360000000390e-48
265.79 2.890680040000000501e-48
266.41 2.889320040000000404e-48
267.02 2.888300249999999549e-48
267.64 2.887280639999999716e-48
268.25 2.885921439999999706e-48
268.87 2.884902250000000435e-48
269.49 2.883543610000000364e-48
270.11 2.882524840000000440e-48
270.74 2.881506249999999716e-48
271.36 2.880487840000000013e-48
271.99 2.879130240000000177e-48
272.61 2.878112250000000429e-48
273.24 2.877094440000000487e-48
273.87 2.876076809999999745e-48
274.5 2.875059360000000026e-48
275.14 2.874042090000000113e-48
275.77 2.873025000000000614e-48
276.41 2.872008089999999707e-48
277.05 2.870991359999999823e-48
277.68 2.869974810000000353e-48
278.32 2.869297209999999653e-48
278.97 2.868280960000000064e-48
279.61 2.867264890000000281e-48
280.25 2.866249000000000306e-48
280.9 2.865571840000000079e-48
281.55 2.864556249999999984e-48
282.2 2.863879289999999476e-48
282.85 2.862863999999999870e-48
283.5 2.861848890000000070e-48
284.15 2.861172249999999353e-48
284.81 2.860495690000000104e-48
285.47 2.859481000000000866e-48
286.13 2.858804640000000119e-48
286.78 2.858128360000000840e-48
287.45 2.857114089999999733e-48
288.11 2.856438010000000171e-48
288.77 2.855762009999999646e-48
289.44 2.855086089999999980e-48
290.11 2.854410249999999958e-48
290.78 2.853734490000000188e-48
291.45 2.853058809999999454e-48
292.12 2.852383210000000187e-48
292.79 2.851707689999999957e-48
293.47 2.851032250000000586e-48
294.14 2.850356889999999644e-48
294.82 2.849681610000000169e-48
295.5 2.849006409999999731e-48
296.18 2.848668840000000897e-48
296.87 2.847993759999999925e-48
297.55 2.847318760000000420e-48
298.24 2.846981290000000533e-48
298.92 2.846306409999999887e-48
299.61 2.845969000000000341e-48
300.31 2.845294239999999768e-48
301 2.844956889999999956e-48
301.69 2.844282250000000064e-48
302.39 2.843944959999999985e-48
303.08 2.843607689999999817e-48
303.78 2.843270439999999560e-48
304.48 2.842595999999999994e-48
305.19 2.842258809999999469e-48
305.89 2.841921639999999464e-48
306.6 2.841584490000000585e-48
307.3 2.841247359999999794e-48
308.01 2.840910249999999521e-48
308.72 2.840573159999999160e-48
309.43 2.840236090000000533e-48
310.15 2.839899039999999993e-48
310.86 2.839562009999999973e-48
311.58 2.839224999999999256e-48
312.3 2.839224999999999256e-48
313.02 2.838888010000000272e-48
313.74 2.838551039999999985e-48
314.46 2.838551039999999985e-48
315.19 2.838214089999999608e-48
315.91 2.838214089999999608e-48
316.64 2.837877159999999143e-48
317.37 2.837877159999999143e-48
318.11 2.837540250000000411e-48
318.84 2.837540250000000411e-48
319.57 2.837540250000000411e-48
320.31 2.837203359999999768e-48
321.05 2.837203359999999768e-48
321.79 2.837203359999999768e-48
322.53 2.837203359999999768e-48
323.28 2.837203359999999768e-48
324.02 2.837203359999999768e-48
324.77 2.837203359999999768e-48
325.52 2.837203359999999768e-48
326.27 2.837203359999999768e-48
327.02 2.837203359999999768e-48
327.77 2.837203359999999768e-48
328.53 2.837540250000000411e-48
329.29 2.837540250000000411e-48
330.05 2.837540250000000411e-48
330.81 2.837877159999999143e-48
331.57 2.837877159999999143e-48
332.34 2.838214089999999608e-48
333.1 2.838214089999999608e-48
333.87 2.838551039999999985e-48
334.64 2.838551039999999985e-48
335.41 2.838888010000000272e-48
336.19 2.839224999999999256e-48
336.96 2.839224999999999256e-48
337.74 2.839562009999999973e-48
338.52 2.839899039999999993e-48
339.3 2.840236090000000533e-48
340.08 2.840573159999999160e-48
340.86 2.840910249999999521e-48
341.65 2.841247359999999794e-48
342.44 2.841584490000000585e-48
343.23 2.841921639999999464e-48
344.02 2.842258809999999469e-48
344.81 2.842933210000000429e-48
345.61 2.843270439999999560e-48
346.4 2.843607689999999817e-48
347.2 2.844282250000000064e-48
348 2.844619559999999447e-48
348.81 2.845294239999999768e-48
349.61 2.845631610000000099e-48
350.42 2.846306409999999887e-48
351.23 2.846643839999999951e-48
352.04 2.847318760000000420e-48
352.85 2.847993759999999925e-48
353.66 2.848668840000000897e-48
354.48 2.849343999999999691e-48
355.29 2.849681610000000169e-48
356.11 2.850356889999999644e-48
356.93 2.851032250000000586e-48
357.76 2.851707689999999957e-48
358.58 2.852721000000000473e-48
359.41 2.853396640000000169e-48
360.24 2.854072360000000725e-48
361.07 2.854748159999999710e-48
361.9 2.855424040000000769e-48
362.74 2.856438010000000171e-48
363.57 2.857114089999999733e-48
364.41 2.858128360000000840e-48
365.25 2.858804640000000119e-48
366.09 2.859819209999999891e-48
366.94 2.860495690000000104e-48
367.78 2.861510559999999756e-48
368.63 2.862525609999999823e-48
369.48 2.863540840000000304e-48
370.33 2.864217759999999775e-48
371.19 2.865233289999999529e-48
372.04 2.866249000000000306e-48
372.9 2.867264890000000281e-48
373.76 2.868280960000000064e-48
374.62 2.869297209999999653e-48
375.49 2.870652489999999481e-48
376.35 2.871669160000000848e-48
377.22 2.872686010000000198e-48
378.09 2.873703039999999964e-48
378.96 2.875059360000000026e-48
379.84 2.876076809999999745e-48
380.71 2.877433689999999747e-48
381.59 2.878451560000000636e-48
382.47 2.879809000000000577e-48
383.35 2.880827290000000205e-48
384.24 2.882185290000000085e-48
385.12 2.883543610000000364e-48
386.01 2.884902250000000435e-48
386.9 2.885921439999999706e-48
387.79 2.887280639999999716e-48
388.69 2.888640160000000126e-48
389.58 2.889999999999999719e-48
390.48 2.891700250000000096e-48
391.38 2.893060810000000132e-48
392.28 2.894421689999999960e-48
393.19 2.895782890000000188e-48
394.1 2.897144410000000207e-48
395 2.898846760000000356e-48
395.92 2.900209000000000210e-48
396.83 2.901912249999999393e-48
397.74 2.903275209999999690e-48
398.66 2.904979359999999731e-48
399.58 2.906684009999999978e-48
400.5 2.908048090000000154e-48
401.43 2.909753640000000650e-48
402.35 2.911459689999999530e-48
403.28 2.913166239999999831e-48
404.21 2.914873290000000339e-48
405.14 2.916580840000000445e-48
406.08 2.918288889999999542e-48
407.01 2.919997440000000060e-48
407.95 2.921706490000000177e-48
408.89 2.923416040000000501e-48
409.83 2.925468159999999897e-48
410.78 2.927178810000000188e-48
411.73 2.929232249999999181e-48
412.68 2.930944000000000047e-48
413.63 2.932998760000000460e-48
414.58 2.934711609999999471e-48
415.54 2.936767690000000087e-48
416.5 2.938824489999999324e-48
417.46 2.940539039999999886e-48
418.42 2.942597160000000542e-48
419.38 2.944655999999999818e-48
420.35 2.946715560000000144e-48
421.32 2.948775839999999698e-48
422.29 2.950836840000000302e-48
423.27 2.953242250000000301e-48
424.24 2.955304810000000649e-48
425.22 2.957368090000000225e-48
426.2 2.959432090000000852e-48
427.18 2.961841000000000471e-48
428.17 2.963906559999999626e-48
429.16 2.966317290000000871e-48
430.15 2.968729000000000187e-48
431.14 2.970796959999999603e-48
432.13 2.973210490000000545e-48
433.13 2.975625000000000165e-48
434.13 2.978040489999999678e-48
435.13 2.980456959999999694e-48
436.13 2.982874410000000818e-48
437.14 2.985292840000000013e-48
438.14 2.987712249999999710e-48
439.16 2.990132639999999301e-48
440.17 2.992554010000000608e-48
441.18 2.994976359999999986e-48
442.2 2.997745960000000100e-48
443.22 3.000170409999999858e-48
444.24 3.002942409999999625e-48
445.27 3.005368959999999764e-48
446.29 3.008143359999999792e-48
447.32 3.010919039999999594e-48
448.35 3.013695999999999779e-48
449.39 3.016126890000000662e-48
450.42 3.018906250000000499e-48
451.46 3.021686890000000719e-48
452.5 3.024468810000000713e-48
453.55 3.027599999999999749e-48
454.59 3.030384639999999188e-48
455.64 3.033170559999999617e-48
456.69 3.035957759999999212e-48
457.75 3.039094889999999774e-48
458.8 3.041884810000000030e-48
459.86 3.045025000000000347e-48
460.92 3.048166810000000142e-48
461.98 3.050960890000000120e-48
463.05 3.054105759999999670e-48
464.12 3.057252249999999912e-48
465.19 3.060400360000000239e-48
466.26 3.063550090000000043e-48
467.33 3.066701439999999324e-48
468.41 3.069854409999999906e-48
469.49 3.073359610000000336e-48
470.57 3.076516000000000895e-48
471.66 3.079674009999999714e-48
472.75 3.083184810000000146e-48
473.84 3.086697609999999579e-48
474.93 3.090212410000000445e-48
476.02 3.093729209999999705e-48
477.12 3.097248010000000398e-48
478.22 3.100768809999999485e-48
479.33 3.104291610000000005e-48
480.43 3.108168999999999597e-48
481.54 3.112048809999999361e-48
482.65 3.115931040000000512e-48
483.76 3.120168960000000703e-48
484.88 3.124409760000000235e-48
486 3.129007209999999397e-48
487.12 3.133962090000000189e-48
488.24 3.139629610000000139e-48
489.37 3.146366440000000005e-48
490.49 3.155241689999999985e-48
491.63 3.167688039999999503e-48
492.76 3.189796000000000153e-48
493.9 3.241440160000000435e-48
495.03 3.453278890000000745e-48
496.18 1.172172168999999929e-47
497.32 3.908924409999999083e-48
498.47 3.305124000000000122e-48
499.62 3.225616000000000396e-48
500.77 3.203026090000000326e-48
501.92 3.195513760000000214e-48
503.08 3.193368999999999746e-48
504.24 3.193726410000000249e-48
505.4 3.195513760000000214e-48
506.57 3.198374560000000514e-48
507.74 3.201236639999999981e-48
508.91 3.204816039999999662e-48
510.08 3.208397440000000168e-48
511.26 3.211980839999999676e-48
512.44 3.215924890000000464e-48
513.62 3.219871360000000209e-48
514.8 3.223820250000000126e-48
515.99 3.228130890000000075e-48
517.18 3.232444409999999972e-48
518.37 3.236760809999999818e-48
519.57 3.241080089999999612e-48
520.77 3.245402249999999962e-48
521.97 3.249727289999999653e-48
523.17 3.254055209999999900e-48
524.38 3.258747040000000292e-48
525.59 3.263080959999999975e-48
526.8 3.267779290000000618e-48
528.01 3.272480999999999593e-48
529.23 3.277186089999999937e-48
530.45 3.281894559999999828e-48
531.67 3.286606410000000482e-48
532.9 3.291321639999999467e-48
534.13 3.296040249999999822e-48
535.36 3.300762239999999723e-48
536.6 3.305851240000000564e-48
537.83 3.310580249999999618e-48
539.07 3.315676810000000246e-48
540.32 3.320412840000000883e-48
541.56 3.325516960000000085e-48
542.81 3.330625000000000684e-48
544.06 3.335736959999999644e-48
545.32 3.340852840000000609e-48
546.57 3.345972639999999934e-48
547.84 3.351096360000000657e-48
549.1 3.356223999999999740e-48
550.36 3.361355560000000221e-48
551.63 3.366858010000000179e-48
552.91 3.371997689999999172e-48
554.18 3.377508840000000531e-48
555.46 3.382656639999999859e-48
556.74 3.388176489999999580e-48
558.02 3.393700840000000550e-48
559.31 3.399229690000000337e-48
560.6 3.404763039999999550e-48
561.89 3.410300889999999404e-48
563.19 3.415843240000000506e-48
564.49 3.421390089999999818e-48
565.79 3.426941439999999771e-48
567.09 3.432867839999999531e-48
568.4 3.438428490000000646e-48
569.71 3.444364810000000633e-48
571.03 3.449934760000000480e-48
572.34 3.455881000000000086e-48
573.66 3.461832360000000005e-48
574.99 3.467788840000000238e-48
576.31 3.473750440000000176e-48
577.64 3.479717160000000427e-48
578.97 3.485689000000000384e-48
580.31 3.491665960000000046e-48
581.65 3.498022090000000631e-48
582.99 3.504009610000000712e-48
584.33 3.510376959999999386e-48
585.68 3.516375039999999277e-48
587.03 3.522753609999999687e-48
588.38 3.529137959999999905e-48
589.74 3.535152039999999711e-48
591.1 3.541547610000000449e-48
592.46 3.547948960000000387e-48
593.83 3.554356089999999525e-48
595.2 3.561146410000000539e-48
596.57 3.567565440000000817e-48
597.95 3.573990249999999688e-48
599.33 3.580799290000000062e-48
600.71 3.587236000000000682e-48
602.09 3.594057639999999690e-48
603.48 3.600885760000000253e-48
604.87 3.607720359999999940e-48
606.27 3.614181210000000114e-48
607.67 3.621028409999999651e-48
609.07 3.628263040000000431e-48
610.47 3.635123559999999653e-48
611.88 3.641990560000000429e-48
613.29 3.648864039999999722e-48
614.7 3.656126409999999232e-48
616.12 3.663013210000000033e-48
617.54 3.670289639999999581e-48
618.97 3.677573290000000431e-48
620.39 3.684864160000000150e-48
621.83 3.692162249999999955e-48
623.26 3.699467559999999239e-48
624.7 3.706780090000000430e-48
626.14 3.714099840000000492e-48
627.58 3.721426810000000032e-48
629.03 3.728760999999999658e-48
630.48 3.736488999999999488e-48
631.93 3.744224999999999579e-48
633.39 3.751581610000000334e-48
634.85 3.759333210000000297e-48
636.31 3.767092810000000521e-48
637.78 3.774860410000000400e-48
639.25 3.782636010000000540e-48
640.73 3.790419610000000334e-48
642.2 3.798211210000000389e-48
643.68 3.806010810000000098e-48
645.17 3.814209000000000622e-48
646.66 3.822025000000000897e-48
648.15 3.830240409999999555e-48
649.64 3.838464639999999687e-48
651.14 3.846305439999999619e-48
652.64 3.854546890000000316e-48
654.15 3.862797160000000664e-48
655.66 3.871056249999999449e-48
657.17 3.879324159999999708e-48
658.68 3.887995240000000460e-48
660.2 3.896281209999999370e-48
661.72 3.904971209999999807e-48
663.25 3.913275240000000406e-48
664.78 3.921984159999999314e-48
666.31 3.930702760000000124e-48
667.85 3.939034090000000802e-48
669.39 3.947771610000000083e-48
670.93 3.956518810000000658e-48
672.48 3.965673960000000512e-48
674.03 3.974440959999999289e-48
675.59 3.983217639999999968e-48
677.14 3.992403610000000041e-48
678.7 4.001200090000000745e-48
680.27 4.010406759999999877e-48
681.84 4.019624009999999946e-48
683.41 4.028450410000000619e-48
684.99 4.037688359999999746e-48
686.57 4.046936889999999811e-48
688.15 4.056598809999999867e-48
689.74 4.065868960000000974e-48
691.33 4.075149689999999980e-48
692.92 4.084845210000000041e-48
694.52 4.094147560000000089e-48
696.12 4.103865640000000049e-48
697.73 4.113595239999999802e-48
699.33 4.122930249999999175e-48
700.95 4.132682409999999435e-48
702.56 4.142446089999999487e-48
704.18 4.152628839999999785e-48
705.81 4.162416039999999719e-48
707.44 4.172214759999999447e-48
709.07 4.182434010000000216e-48
710.7 4.192256249999999825e-48
712.34 4.202500000000000369e-48
713.98 4.212756250000000601e-48
715.63 4.223024999999999303e-48
717.28 4.233306250000000124e-48
718.93 4.243600000000000024e-48
720.59 4.253906250000000826e-48
722.25 4.264224999999999492e-48
723.92 4.274969760000000342e-48
725.59 4.285314010000000412e-48
727.26 4.296085289999999950e-48
728.94 4.306455040000000207e-48
730.62 4.317252840000000864e-48
732.3 4.328064159999999709e-48
733.99 4.338889000000000387e-48
735.69 4.349727359999999860e-48
737.38 4.360996889999999222e-48
739.08 4.371862810000000049e-48
740.79 4.382742249999999671e-48
742.5 4.394054440000000659e-48
744.21 4.405381209999999980e-48
745.92 4.416302249999999261e-48
747.64 4.427657640000000689e-48
749.37 4.439027609999999842e-48
751.1 4.450412159999999759e-48
752.83 4.462233759999999535e-48
754.56 4.473648010000000400e-48
756.3 4.485076840000000206e-48
758.05 4.496944360000000474e-48
759.8 4.508827560000000258e-48
761.55 4.520301209999999981e-48
763.3 4.532215209999999465e-48
765.06 4.544144889999999681e-48
766.83 4.556090249999999412e-48
768.6 4.568478759999999817e-48
770.37 4.580456039999999735e-48
772.15 4.592448999999999777e-48
773.93 4.604886810000000221e-48
775.71 4.616911690000000449e-48
777.5 4.629382560000000869e-48
779.29 4.641870249999999379e-48
781.09 4.654374759999999626e-48
782.89 4.666896090000000394e-48
784.7 4.679434240000000467e-48
786.51 4.692422439999999684e-48
788.32 4.704994810000000042e-48
790.14 4.718018409999999155e-48
791.96 4.730624999999999798e-48
793.79 4.743684000000000630e-48
795.62 4.756760999999999773e-48
797.45 4.769856000000000263e-48
799.29 4.782968999999999670e-48
801.13 4.796100000000000426e-48
802.98 4.809687609999999701e-48
804.83 4.822855210000000484e-48
806.69 4.836480639999999827e-48
808.55 4.849684839999999421e-48
810.41 4.863348090000000655e-48
812.28 4.877030560000000241e-48
814.16 4.890732249999999393e-48
816.03 4.904453160000000542e-48
817.91 4.918636840000000758e-48
819.8 4.932396810000000105e-48
821.69 4.946175999999999625e-48
823.59 4.960419839999999572e-48
825.49 4.974684159999999556e-48
827.39 4.988968959999999578e-48
829.3 5.003274239999999638e-48
831.21 5.017599999999999734e-48
833.13 5.031946239999999261e-48
835.05 5.046312959999999433e-48
836.97 5.061150089999999928e-48
838.9 5.075558409999999758e-48
840.84 5.090438440000000204e-48
842.78 5.105340250000000373e-48
844.72 5.119811290000000698e-48
846.67 5.135209209999999881e-48
848.62 5.150176359999999827e-48
850.58 5.165165290000000103e-48
852.54 5.180176000000000711e-48
854.5 5.195664359999999814e-48
856.47 5.210719289999999970e-48
858.45 5.226253209999999344e-48
860.43 5.241810250000000380e-48
862.41 5.257390409999999431e-48
864.4 5.272993690000000144e-48
866.4 5.288620089999999479e-48
868.39 5.304730240000000556e-48
870.4 5.320403559999999581e-48
872.4 5.336562010000000892e-48
874.41 5.352744960000000156e-48
876.43 5.368488999999999329e-48
878.45 5.384720250000000650e-48
880.48 5.400975999999999924e-48
882.51 5.417721759999999827e-48
884.54 5.434027209999999792e-48
886.58 5.450357159999998923e-48
888.63 5.467179240000000799e-48
890.68 5.484027240000000386e-48
892.73 5.500901160000000723e-48
894.79 5.517801000000001203e-48
896.85 5.534726760000000610e-48
898.92 5.551678440000000159e-48
900.99 5.568656040000001065e-48
903.07 5.586132249999999586e-48
905.15 5.603162409999998790e-48
907.24 5.620692639999999443e-48
909.33 5.638250250000000427e-48
911.43 5.655835240000000527e-48
913.53 5.673447610000000959e-48
915.64 5.691087359999999291e-48
917.75 5.708754489999999170e-48
919.87 5.726927610000000899e-48
921.99 5.745129609999999323e-48
924.11 5.762880359999999689e-48
926.25 5.781139360000000964e-48
928.38 5.799427240000000152e-48
930.52 5.817744000000000897e-48
932.67 5.836089639999999553e-48
934.82 5.854948089999999494e-48
936.97 5.873352250000000316e-48
939.13 5.892270759999999824e-48
941.3 5.911219689999999507e-48
943.47 5.930199040000000582e-48
945.65 5.949208809999999401e-48
947.83 5.968248999999999611e-48
950.01 5.987319610000001212e-48
952.2 6.006910810000000476e-48
954.4 6.026043039999999566e-48
956.6 6.045697439999999619e-48
958.81 6.065383839999999503e-48
961.02 6.085102240000000434e-48
963.23 6.104852639999999979e-48
965.45 6.124635039999999355e-48
967.68 6.144449439999999778e-48
969.91 6.164792410000000644e-48
972.15 6.184671609999999599e-48
974.39 6.205081000000000906e-48
976.64 6.225524009999999090e-48
978.89 6.246500489999999617e-48
981.15 6.267011560000000669e-48
983.41 6.288057759999999717e-48
985.68 6.309139239999999803e-48
987.95 6.331765690000000774e-48
990.23 6.360483999999998850e-48
992.51 6.954296410000000975e-48
994.8 6.411530409999999588e-48
997.1 6.417608889999999707e-48
999.39 6.436369000000000236e-48
1001.7 6.457189209999999903e-48
1004 6.478552089999999875e-48
1006.3 6.499950249999999669e-48
1008.6 6.521894439999999404e-48
1011 6.543363999999999968e-48
1013.3 6.565381289999999593e-48
1015.6 6.587435559999999378e-48
1018 6.610040999999999934e-48
1020.3 6.632170090000000465e-48
1022.7 6.654852090000000710e-48
1025 6.677055999999999556e-48
1027.4 6.699814559999999491e-48
1029.8 6.722611839999999744e-48
1032.1 6.745447840000000314e-48
1034.5 6.768842890000000629e-48
1036.9 6.791757210000000351e-48
1039.3 6.815232360000001013e-48
1041.7 6.838225000000001101e-48
1044.1 6.861780249999999680e-48
1046.5 6.885375999999999773e-48
1048.9 6.909012250000000164e-48
1051.3 6.933215610000000294e-48
1053.8 6.956933759999999101e-48
1056.2 6.981220839999999881e-48
1058.6 7.005020890000000750e-48
1061.1 7.029391689999999749e-48
1063.5 7.053804810000000064e-48
1066 7.078260249999999265e-48
1068.4 7.103291040000000437e-48
1070.9 7.127832039999999393e-48
1073.4 7.152950249999998730e-48
1075.8 7.177576809999999873e-48
1078.3 7.202782439999999805e-48
1080.8 7.228032249999999464e-48
1083.3 7.253326240000000064e-48
1085.8 7.279203999999999814e-48
1088.3 7.304587289999999937e-48
1090.8 7.330556249999999872e-48
1093.3 7.356028839999999520e-48
1095.8 7.382088999999999641e-48
1098.4 7.408195239999998935e-48
1100.9 7.434892889999999849e-48
1103.4 7.461092249999999294e-48
1106 7.487337689999999128e-48
1108.5 7.514177439999999225e-48
1111.1 7.541065210000000195e-48
1113.7 7.568001000000000821e-48
1116.2 7.594984809999998675e-48
1118.8 7.622016639999999831e-48
1121.4 7.649096489999999429e-48
1124 7.676778490000000872e-48
1126.6 7.703955359999999678e-48
1129.2 7.731736360000000635e-48
1131.8 7.759567359999999125e-48
1134.4 7.787448360000000008e-48
1137 7.815938489999999029e-48
1139.6 7.843920490000000252e-48
1142.2 7.871952489999999007e-48
1144.9 7.900596640000000087e-48
1147.5 7.929292810000000042e-48
1150.2 7.958041000000000089e-48
1152.8 7.986841210000001444e-48
1155.5 8.016259690000000986e-48
1158.1 8.045164959999999808e-48
1160.8 8.074690560000000415e-48
1163.5 8.103700889999999137e-48
1166.2 8.133333609999999594e-48
1168.9 8.163591840000000058e-48
1171.5 8.193333759999999618e-48
1174.2 8.223129759999999219e-48
1177 8.253554410000000051e-48
1179.7 8.283459609999999972e-48
1182.4 8.313995560000000894e-48
1185.1 8.344587690000001632e-48
1187.9 8.375814810000000307e-48
1190.6 8.406520360000000211e-48
1193.3 8.437282090000001145e-48
1196.1 8.468682009999999149e-48
1198.8 8.500140250000000208e-48
1201.6 8.531656809999999461e-48
1204.4 8.563231690000000554e-48
1207.2 8.594864889999999839e-48
1209.9 8.627143840000000238e-48
1212.7 8.658894759999999614e-48
1215.5 8.691293609999999519e-48
1218.3 8.723752960000000680e-48
1221.1 8.756272809999999451e-48
1224 8.788853159999999478e-48
1226.8 8.822088039999998625e-48
1229.6 8.854790490000000524e-48
1232.4 8.888149690000000782e-48
1235.3 8.921571610000000318e-48
1238.1 8.955056250000000349e-48
1241 8.988603610000000875e-48
1243.9 9.022213690000000680e-48
1246.7 9.056488360000000424e-48
1249.6 9.090828009999998508e-48
1252.5 9.125232639999999793e-48
1255.4 9.159702249999999418e-48
1258.3 9.194236839999999814e-48
1261.2 9.228836410000000980e-48
1264.1 9.264109689999999187e-48
1267 9.298840359999999861e-48
1269.9 9.334247040000001320e-48
1272.8 9.369721000000000001e-48
1275.8 9.405262240000000766e-48
1278.7 9.441485289999999604e-48
1281.7 9.477162249999999376e-48
1284.6 9.513523360000000787e-48
1287.6 9.549954089999999340e-48
1290.5 9.586454439999998682e-48
1293.5 9.623024410000001243e-48
1296.5 9.659663999999999731e-48
1299.5 9.696996000000000179e-48
1302.5 9.733776009999999248e-48
1305.5 9.771250809999998803e-48
1308.5 9.808797609999998889e-48
1311.5 9.846416409999999505e-48
1314.5 9.884735999999999436e-48
1317.6 9.922499999999999421e-48
1320.6 9.960967209999999500e-48
1323.7 9.999508840000000888e-48
1326.7 1.003812489000000116e-47
1329.8 1.007681535999999909e-47
1332.8 1.011621635999999979e-47
1335.9 1.015505689000000039e-47
1339 1.019461040999999949e-47
1342.1 1.023424081000000051e-47
1345.2 1.027394808999999858e-47
1348.3 1.031373224999999978e-47
1351.4 1.035423683999999920e-47
1354.5 1.039417599999999992e-47
1357.6 1.043483808999999929e-47
1360.8 1.047557955999999856e-47
1363.9 1.051640041000000017e-47
1367 1.055730064000000047e-47
1370.2 1.059893135999999981e-47
1373.4 1.063999160999999856e-47
1376.5 1.068178488999999904e-47
1379.7 1.072366008999999845e-47
1382.9 1.076561721000000166e-47
1386.1 1.080831375999999878e-47
1389.3 1.085043599999999903e-47
1392.5 1.089330024999999933e-47
1395.7 1.093624899999999984e-47
1398.9 1.097928224999999693e-47
1402.1 1.102240000000000153e-47
1405.4 1.106626756000000308e-47
1408.6 1.110955561000000051e-47
1411.8 1.115359609000000207e-47
1415.1 1.119772369000000253e-47
1418.4 1.124193840999999945e-47
1421.6 1.128691215999999666e-47
1424.9 1.133130243999999885e-47
1428.2 1.137645440999999741e-47
1431.5 1.142169616000000308e-47
1434.8 1.146702769000000127e-47
1438.1 1.151244900000000171e-47
1441.4 1.155796008999999955e-47
1444.7 1.160424225000000366e-47
1448.1 1.165061688999999984e-47
1451.4 1.169708401000000266e-47
1454.8 1.174364360999999997e-47
1458.1 1.179029569000000149e-47
1461.5 1.183772836000000341e-47
1464.8 1.188525624999999795e-47
1468.2 1.193287935999999728e-47
1471.6 1.198059768999999897e-47
1475 1.202841124000000058e-47
1478.4 1.207701503999999788e-47
1481.8 1.212571684000000158e-47
1485.2 1.217521448999999794e-47
1488.7 1.227801600000000187e-47
1492.1 1.227451225000000076e-47
1495.5 1.232150404000000011e-47
1499 1.237069583999999931e-47
1502.4 1.242069049000000257e-47
1505.9 1.247078595999999786e-47
1509.4 1.252098224999999976e-47
1512.9 1.257198849000000025e-47
1516.3 1.262238784000000114e-47
1519.8 1.267360000000000189e-47
1523.3 1.272491584000000077e-47
1526.9 1.277633536000000022e-47
1530.4 1.282785856000000024e-47
1533.9 1.288020320999999814e-47
1537.4 1.293193520999999775e-47
1541 1.298449156000000239e-47
1544.5 1.303787663999999682e-47
1548.1 1.309064761000000129e-47
1551.7 1.314352515999999890e-47
1555.3 1.319723584000000075e-47
1558.8 1.325105604000000149e-47
1562.4 1.330498576000000356e-47
1566 1.335902499999999724e-47
1569.6 1.341390624999999697e-47
1573.3 1.346816600999999765e-47
1576.9 1.352327075999999660e-47
1580.5 1.357848801000000124e-47
1584.2 1.363455624999999933e-47
1587.8 1.368999999999999835e-47
1591.5 1.374629776000000108e-47
1595.2 1.380271103999999789e-47
1598.8 1.385923984000000094e-47
1602.5 1.391588415999999806e-47
1606.2 1.397339160999999964e-47
1609.9 1.403026849000000004e-47
1613.6 1.408801156000000161e-47
1617.4 1.414587321000000127e-47
1621.1 1.420385344000000144e-47
1624.8 1.426270756000000075e-47
1628.6 1.432168335999999833e-47
1632.3 1.438078083999999904e-47
1636.1 1.444000000000000289e-47
1639.9 1.449934084000000014e-47
1643.6 1.455880335999999810e-47
1647.4 1.461915225000000044e-47
1651.2 1.467962596000000226e-47
1655 1.474022448999999872e-47
1658.9 1.480171728999999784e-47
1662.7 1.486256704000000023e-47
1666.5 1.492431424000000025e-47
1670.4 1.498618943999999959e-47
1674.2 1.504819264000000068e-47
1678.1 1.511032384000000110e-47
1681.9 1.517336208999999774e-47
1685.8 1.523653156000000187e-47
1689.7 1.529983224999999890e-47
1693.6 1.536326416000000341e-47
1697.5 1.542682729000000081e-47
1701.4 1.549130881000000173e-47
1705.4 1.555592481000000230e-47
1709.3 1.562067528999999768e-47
1713.2 1.568556025000000001e-47
1717.2 1.575137343999999854e-47
1721.1 1.581732440999999724e-47
1725.1 1.588261608999999855e-47
1729.1 1.594963969000000245e-47
1733.1 1.601600399999999924e-47
1737.1 1.608330815999999704e-47
1741.1 1.614994969000000319e-47
1745.1 1.621753440999999975e-47
1749.1 1.628606736000000075e-47
1753.1 1.635393600000000300e-47
1757.2 1.642275624999999770e-47
1761.2 1.649172099999999670e-47
1765.3 1.656083024999999758e-47
1769.4 1.663008399999999790e-47
1773.5 1.670029955999999754e-47
1777.5 1.676984400999999709e-47
1781.6 1.684035369000000201e-47
1785.8 1.691101129000000028e-47
1789.9 1.698264100000000249e-47
1794 1.705442208999999784e-47
1798.1 1.712552689000000216e-47
1802.3 1.719760899999999944e-47
1806.4 1.727067363999999866e-47
1810.6 1.734306025000000061e-47
1814.8 1.741643289000000048e-47
1819 1.748996040999999919e-47
1823.2 1.756364280999999917e-47
1827.4 1.763832003999999681e-47
1831.6 1.771231395999999636e-47
1835.8 1.778730625000000031e-47
1840 1.786245695999999768e-47
1844.3 1.793861315999999936e-47
1848.5 1.801408248999999813e-47
1852.8 1.809056088999999927e-47
1857.1 1.816720128999999918e-47
1861.3 1.824400369000000027e-47
1865.6 1.832182415999999894e-47
1869.9 1.839981024999999789e-47
1874.3 1.847710225000000113e-47
1878.6 1.855627928999999662e-47
1882.9 1.863476224000000127e-47
1887.2 1.871427599999999847e-47
1891.6 1.879395904000000092e-47
1896 1.887381135999999893e-47
1900.3 1.895383296000000219e-47
1904.7 1.903489641000000236e-47
1909.1 1.911525840999999826e-47
1913.5 1.919754225000000254e-47
1917.9 1.927912463999999769e-47
1922.3 1.936088000999999683e-47
1926.8 1.944369025000000241e-47
1931.2 1.952667720999999959e-47
1935.7 1.960984088999999811e-47
1940.1 1.969406884000000135e-47
1944.6 1.977758784000000025e-47
1949.1 1.986217489000000224e-47
1953.6 1.994783569000000202e-47
1958.1 2.003278563999999680e-47
1962.6 2.011881316000000336e-47
1967.1 2.020502500000000176e-47
1971.7 2.029142116000000170e-47
1976.2 2.037800164000000320e-47
1980.8 2.046567120999999926e-47
1985.3 2.063248928999999833e-47
1989.9 2.064157488999999982e-47
1994.5 2.072980899999999702e-47
1999.1 2.081914383999999898e-47
2003.7 2.090867076000000200e-47
2008.3 2.099838976000000122e-47
2013 2.108830083999999664e-47
2017.6 2.117932441000000283e-47
2022.3 2.127054400000000045e-47
2026.9 2.136195960999999923e-47
2031.6 2.145357123999999916e-47
2036.3 2.154630724000000197e-47
2041 2.163831289000000208e-47
2045.7 2.173237924000000231e-47
2050.4 2.182571523999999739e-47
2055.1 2.191925123999999962e-47
2059.9 2.201392561000000323e-47
2064.6 2.210880400000000156e-47
2069.4 2.220482884000000178e-47
2074.2 2.230011729000000064e-47
2078.9 2.239655624999999730e-47
2083.7 2.249320328999999919e-47
2088.5 2.259100900000000147e-47
2093.4 2.268807423999999866e-47
2098.2 2.278630224999999805e-47
2103 2.288474244000000448e-47
2107.9 2.298435364000000319e-47
2112.7 2.308322024999999692e-47
2117.6 2.318326200999999550e-47
2122.5 2.328352008999999425e-47
2127.4 2.338496163999999972e-47
2132.3 2.348662368999999953e-47
2137.2 2.358753488999999972e-47
2142.1 2.369060928999999673e-47
2147.1 2.379293284000000385e-47
2152 2.389645455999999787e-47
2157 2.400020100000000087e-47
2162 2.410417215999999826e-47
2167 2.420935208999999982e-47
2171.9 2.431377481000000210e-47
2177 2.441941055999999992e-47
2182 2.452626576000000178e-47
2187 2.463236160999999991e-47
2192.1 2.473968120999999936e-47
2197.1 2.484723409000000131e-47
2202.2 2.495601936000000017e-47
2207.3 2.506404095999999993e-47
2212.3 2.517329928999999978e-47
2217.4 2.528279524000000044e-47
2222.6 2.539353663999999886e-47
2227.7 2.550452004000000230e-47
2232.8 2.561574544000000104e-47
2238 2.572721283999999994e-47
2243.1 2.583892224000000387e-47
2248.3 2.595189248999999659e-47
2253.5 2.606510915999999959e-47
2258.7 2.617959555999999806e-47
2263.9 2.629330729000000383e-47
2269.1 2.640829321000000163e-47
2274.3 2.652353001000000142e-47
2279.6 2.664004995999999713e-47
2284.8 2.675682529000000214e-47
2290.1 2.687385600000000187e-47
2295.4 2.699114208999999632e-47
2300.7 2.710972488999999808e-47
2306 2.722752400000000412e-47
2311.3 2.734767025000000111e-47
2316.6 2.746703281000000239e-47
2322 2.758770576000000116e-47
2327.3 2.770864321000000268e-47
2332.7 2.782984515999999724e-47
2338.1 2.795236900000000315e-47
2343.5 2.807410225000000211e-47
2348.9 2.819716200999999855e-47
2354.3 2.832155523999999797e-47
2359.7 2.844622224999999774e-47
2365.2 2.857116303999999789e-47
2370.6 2.869637760999999839e-47
2376.1 2.882186595999999926e-47
2381.6 2.894870415999999769e-47
2387.1 2.907582084000000412e-47
2392.6 2.920429681000000014e-47
2398.1 2.933197280999999631e-47
2403.6 2.946101284000000048e-47
2409.2 2.959142403999999606e-47
2414.7 2.972103289000000056e-47
2420.3 2.985201769000000135e-47
2425.9 2.998329048999999939e-47
2431.5 3.011594883999999477e-47
2437.1 3.024780003999999610e-47
2442.7 3.038214399999999986e-47
2448.3 3.051568081000000472e-47
2454 3.065061768999999457e-47
2459.6 3.078474256000000289e-47
2465.3 3.092138448999999972e-47
2471 3.105721441000000043e-47
2476.7 3.119445904000000121e-47
2482.4 3.137904289000000249e-47
2488.1 3.147097801000000252e-47
2493.8 3.160913284000000223e-47
2499.6 3.174871715999999398e-47
2505.4 3.188973840999999573e-47
2511.1 3.202994024999999903e-47
2516.9 3.217158400000000294e-47
2522.7 3.231467716000000020e-47
2528.5 3.245694840999999981e-47
2534.4 3.260067408999999901e-47
2540.2 3.274471729000000269e-47
2546.1 3.289022499999999514e-47
2552 3.303490576000000507e-47
2557.8 3.318105608999999646e-47
2563.7 3.332868360999999920e-47
2569.6 3.347548163999999973e-47
2575.6 3.362492168999999675e-47
2581.5 3.377353225000000615e-47
2587.5 3.392247049000000157e-47
2593.4 3.407290384000000154e-47
2599.4 3.422484004000000019e-47
2605.4 3.437594160999999701e-47
2611.4 3.452855120999999803e-47
2617.4 3.468149880999999992e-47
2623.5 3.483596483999999862e-47
2629.5 3.499077408999999989e-47
2635.6 3.514592655999999885e-47
2641.7 3.530142225000000524e-47
2647.8 3.545845208999999806e-47
2653.9 3.561583041000000104e-47
2660 3.577475344000000180e-47
2666.1 3.593283136000000118e-47
2672.3 3.609245929000000211e-47
2678.4 3.625364520999999522e-47
2684.6 3.641519025000000220e-47
2690.8 3.657709440999999872e-47
2697 3.673935768999999939e-47
2703.2 3.690319504000000091e-47
2709.5 3.706739689000000269e-47
2715.7 3.723196323999999986e-47
2722 3.739811715999999555e-47
2728.2 3.756464099999999838e-47
2734.5 3.773153475999999376e-47
2740.8 3.790002969000000008e-47
2747.2 3.806889999999999714e-47
2753.5 3.823814569000000440e-47
2759.8 3.840900625000000600e-47
2766.2 3.858024768999999757e-47
2772.6 3.875187000999999856e-47
2779 3.892512099999999693e-47
2785.4 3.909875840999999525e-47
2791.8 3.927278224000000326e-47
2798.2 3.944719249000000152e-47
2804.7 3.962324808999999707e-47
2811.2 3.980095743999999873e-47
2817.6 3.997779984000000137e-47
2824.1 4.015630161000000275e-47
2830.7 4.033647121000000107e-47
2837.2 4.051577103999999773e-47
2843.7 4.069802025000000410e-47
2850.3 4.087939968999999908e-47
2856.9 4.106246400000000514e-47
2863.4 4.124593728999999830e-47
2870.1 4.142981955999999800e-47
2876.7 4.161540099999999803e-47
2883.3 4.180139716000000033e-47
2890 4.198780804000000005e-47
2896.6 4.217593249000000408e-47
2903.3 4.236447743999999744e-47
2910 4.255474755999999942e-47
2916.7 4.274544400000000311e-47
2923.4 4.293656676000000365e-47
2930.2 4.312811583999999619e-47
2936.9 4.332140760999999474e-47
2943.7 4.351513156000000358e-47
2950.5 4.371060995999999772e-47
2957.3 4.390652644000000203e-47
2964.1 4.410288100000000191e-47
2970.9 4.430100481000000633e-47
2977.8 4.450624369000000868e-47
2984.7 4.469858449000000465e-47
2991.5 4.489938049000000654e-47
2998.4 4.510062649000000203e-47
3005.4 4.530232249000000083e-47
3012.3 4.550581763999998963e-47
3019.2 4.570976881000000419e-47
3026.2 4.591553120999999148e-47
3033.2 4.612175569000000369e-47
3040.2 4.632844224999999221e-47
3047.2 4.653695523999999764e-47
3054.2 4.674593641000000389e-47
3061.3 4.695538575999999153e-47
3068.3 4.716667683999999668e-47
3075.4 4.737844223999999417e-47
3082.5 4.759068195999999373e-47
3089.6 4.780477880999999698e-47
3096.7 4.801935615999999000e-47
3103.9 4.823580304000000689e-47
3111 4.845273663999999742e-47
3118.2 4.867015696000000048e-47
3125.4 4.888946241000000420e-47
3132.6 4.910926084000000049e-47
3139.8 4.932955225000000882e-47
3147 4.955174448999999960e-47
3154.3 4.977443600999999808e-47
3161.6 4.999904100000000543e-47
3168.9 5.022415161000001232e-47
3176.2 5.044976783999998959e-47
3183.5 5.067731343999998702e-47
3190.8 5.090537103999999147e-47
3198.2 5.113537081000000775e-47
3205.6 5.136445561000000227e-47
3213 5.159692560999999451e-47
3220.4 5.182848063999999416e-47
3227.8 5.206199716000000597e-47
3235.2 5.229748488999999522e-47
3242.7 5.253205441000000021e-47
3250.2 5.277005449000001259e-47
3257.7 5.300713635999999210e-47
3265.2 5.324620900000000422e-47
3272.7 5.348728225000000274e-47
3280.3 5.372743401000000972e-47
3287.8 5.396959296000001090e-47
3295.4 5.421376900000000780e-47
3303 5.445849616000000539e-47
3310.6 5.470377443999999395e-47
3318.3 5.495108640999998581e-47
3325.9 5.519895616000000768e-47
3333.6 5.544887295999999043e-47
3341.3 5.569786161000001066e-47
3349 5.595039999999998630e-47
3356.7 5.620201023999999942e-47
3364.4 5.645719044000000378e-47
3372.2 5.671144249000000674e-47
3380 5.696777528999999139e-47
3387.8 5.722468608999999328e-47
3395.6 5.748369123999998928e-47
3403.4 5.774328121000000681e-47
3411.3 5.800497921000000379e-47
3419.1 5.826726888999999358e-47
3427 5.853015024999998593e-47
3434.9 5.879515684000000516e-47
3442.8 5.906076200999999442e-47
3450.8 5.932850625000000004e-47
3458.7 5.959685601000000741e-47
3466.7 5.986581128999998734e-47
3474.7 6.155030115999999347e-47
3482.7 6.040864728999999815e-47
3490.7 6.068254200999999349e-47
3498.8 6.095705624999999390e-47
3506.9 6.123219000999999941e-47
3514.9 6.150951183999999409e-47
3523.1 6.178903236000000787e-47
3531.2 6.206918655999999534e-47
3539.3 6.234997444000000511e-47
3547.5 6.263139599999999828e-47
3555.7 6.291503761000001034e-47
3563.9 6.320091000999999165e-47
3572.1 6.348743040999999719e-47
3580.3 6.377459880999999779e-47
3588.6 6.406401599999999695e-47
3596.8 6.435408841000000583e-47
3605.1 6.464642408999999991e-47
3613.5 6.493942224999999511e-47
3621.8 6.523308288999999143e-47
3630.1 6.552902500000000257e-47
3638.5 6.582563689000000241e-47
3646.9 6.612454489000000785e-47
3655.3 6.642413000999999546e-47
3663.7 6.672602596000000096e-47
3672.2 6.702860641000000745e-47
3680.7 6.733351248999998786e-47
3689.1 6.763911048999999398e-47
3697.7 6.794540040999999665e-47
3706.2 6.825403455999999379e-47
3714.7 6.856336809000000837e-47
3723.3 6.887506081000000677e-47
3731.9 6.918746041000000079e-47
3740.5 6.950223424000000896e-47
3749.1 6.981772248999999681e-47
3757.8 7.013392516000001298e-47
3766.4 7.045252095999999141e-47
3775.1 7.077352128999999928e-47
3783.8 7.109525124000000186e-47
3792.5 7.141771081000000887e-47
3801.3 7.174259401000000350e-47
3810 7.206821449000000433e-47
3818.8 7.239627396000000222e-47
3827.6 7.272507840999999455e-47
3836.5 7.305462783999999104e-47
3845.3 7.338663556000000141e-47
3854.2 7.372111320999999212e-47
3863.1 7.405635136000000059e-47
3872 7.439235001000000736e-47
3880.9 7.473083808999999218e-47
3889.9 7.507182735999998781e-47
3898.8 7.541359280999998977e-47
3907.8 7.575613443999998834e-47
3916.8 7.610119696000001519e-47
3925.9 7.644704356000000777e-47
3934.9 7.679542689000000191e-47
3944 7.714460223999998539e-47
3953.1 7.749633024000000413e-47
3962.2 7.784885824000001257e-47
3971.3 7.821456720999999055e-47
3980.5 7.855808689000000857e-47
3989.7 7.891657225000000542e-47
3998.9 7.927587369000001036e-47
4008.1 7.963599121000001366e-47
4017.3 7.999871364000000993e-47
4026.6 8.036405316000000634e-47
4035.9 8.073022499999999450e-47
4045.2 8.109722915999998412e-47
4054.5 8.146687080999999738e-47
4063.9 8.183916225000001054e-47
4073.2 8.221230240999999353e-47
4082.6 8.258629129000000468e-47
4092.1 8.296295056000000066e-47
4101.5 8.334046681000000810e-47
4110.9 8.372067001000001177e-47
4120.4 8.410173849000000639e-47
4129.9 8.448551056000000098e-47
4139.5 8.487199875999998777e-47
4149 8.525752225000000697e-47
4158.6 8.564762115999999056e-47
4168.2 8.603675536000000657e-47
4177.8 8.643049023999998823e-47
4187.4 8.682512399999999609e-47
4197.1 8.722065664000000098e-47
4206.7 8.761896025000000566e-47
4216.4 8.801817123999999690e-47
4226.2 8.842017023999999234e-47
4235.9 8.882308515999998921e-47
4245.7 8.922880521000000648e-47
4255.5 8.963544975999999734e-47
4265.3 9.004491664000001716e-47
4275.1 9.045721880999999367e-47
4285 9.087046276000000303e-47
4294.8 9.128464849000000633e-47
4304.8 9.170169121000000653e-47
4314.7 9.211968441000000996e-47
4324.6 9.254055204000001535e-47
4334.6 9.296430724000000616e-47
4344.6 9.338903043999999761e-47
4354.6 9.381472164000000917e-47
4364.7 9.424332241000000306e-47
4374.7 9.467484600999999991e-47
4384.8 9.510735528999999897e-47
4394.9 9.554085025000000023e-47
4405.1 9.597729024000001142e-47
4415.2 9.641668863999999305e-47
4425.4 9.685709056000000205e-47
4435.6 9.730046880999999899e-47
4445.8 9.774485955999999611e-47
4456.1 9.819224464000001048e-47
4466.4 9.864263760999998056e-47
4476.7 9.909207024999999700e-47
4487 9.954451983999999264e-47
4497.3 9.999999999999998285e-47
4507.7 1.004605289999999915e-46
4518.1 1.009221160000000113e-46
4528.5 1.013847610000000032e-46
4539 1.018484640000000061e-46
4549.4 1.023132250000000006e-46
4559.9 1.027790439999999867e-46
4570.4 1.032459209999999838e-46
4581 1.037138560000000114e-46
4591.5 1.042032640000000012e-46
4602.1 1.046733610000000091e-46
4612.7 1.051445160000000086e-46
4623.4 1.056372840000000037e-46
4634 1.061106010000000029e-46
4644.7 1.066056249999999952e-46
4655.4 1.070811039999999942e-46
4666.2 1.075783839999999836e-46
4676.9 1.080768160000000205e-46
4687.7 1.085764000000000075e-46
4698.5 1.090562490000000030e-46
4709.4 1.095580890000000066e-46
4720.2 1.100610809999999993e-46
4731.1 1.105652250000000004e-46
4742 1.110705210000000101e-46
4752.9 1.115769690000000087e-46
4763.9 1.121057439999999986e-46
4774.9 1.126145439999999952e-46
4785.9 1.131244960000000002e-46
4796.9 1.136355999999999943e-46
4808 1.141692250000000037e-46
4819.1 1.146826809999999957e-46
4830.2 1.152187560000000069e-46
4841.3 1.157345639999999968e-46
4852.5 1.162730890000000099e-46
4863.7 1.168128639999999965e-46
4874.9 1.173538890000000151e-46
4886.1 1.178744490000000011e-46
4897.4 1.184179240000000020e-46
4908.7 1.189626490000000154e-46
4920 1.195086240000000218e-46
4931.4 1.200558489999999823e-46
4942.7 1.206043239999999942e-46
4954.1 1.211540489999999796e-46
4965.6 1.217270889999999894e-46
4977 1.222793640000000033e-46
4988.5 1.228328890000000103e-46
5000 1.234098810000000167e-46
