5.000000000000000888e+00 2.092796199448814444e-46
5.034693157380139006e+00 1.958345115087737576e-46
5.069627037794075974e+00 1.834722719335709829e-46
5.104803311530234922e+00 1.720852727994816210e-46
5.140223660466546995e+00 1.615782451931238470e-46
5.175889778150882137e+00 1.518667384935308240e-46
5.211803369882009207e+00 1.428757812807031708e-46
5.247966152791137873e+00 1.345387154478121519e-46
5.284379855924021818e+00 1.267961823139359219e-46
5.321046220323622400e+00 1.195952382129736897e-46
5.357966999113356721e+00 1.128885837778900109e-46
5.395143957580921246e+00 1.066338916170138505e-46
5.432578873262690955e+00 1.007932191831714368e-46
5.470273536028714467e+00 9.533249493932849838e-47
5.508229748168283813e+00 9.022106996796553703e-47
5.546449324476114384e+00 8.543132451983255272e-47
5.584934092339116418e+00 8.093832419466799764e-47
5.623685891823758887e+00 7.671951726264717449e-47
5.662706575764059558e+00 7.275447012589658395e-47
5.701998009850164806e+00 6.902463431960254510e-47
5.741562072717556475e+00 6.551314163078154214e-47
5.781400656036880470e+00 6.220462378628195254e-47
5.821515664604382856e+00 5.908505379967719878e-47
5.861909016432995223e+00 5.614160561396319309e-47
5.902582642844026672e+00 5.333261835160201063e-47
5.943538488559517496e+00 5.065238716721665766e-47
5.984778511795218137e+00 4.812262458548717238e-47
6.026304684354212071e+00 4.573358028762760435e-47
6.068118991721204836e+00 4.347626445015597801e-47
6.110223433157442763e+00 4.134237621599756588e-47
6.152620021796308514e+00 3.932423959070609650e-47
6.195310784739581855e+00 3.741474683274788236e-47
6.238297763154347919e+00 3.560730720105959438e-47
6.281583012370603569e+00 3.389580164481393394e-47
6.325168601979518357e+00 3.227454173293632403e-47
6.369056615932393584e+00 3.073823308756342132e-47
6.413249152640303485e+00 2.928194218989428617e-47
6.457748325074419427e+00 2.790106696616587049e-47
6.502556260867045523e+00 2.659130978308981166e-47
6.547675102413337278e+00 2.534865330721371159e-47
6.593107006973743189e+00 2.416933873886027431e-47
6.638854146777149801e+00 2.304984568739680634e-47
6.684918709124731961e+00 2.197099105130924102e-47
6.731302896494550936e+00 2.094653085467804008e-47
6.778008926646843513e+00 1.997389439533583281e-47
6.825039032730071398e+00 1.905026720525424535e-47
6.872395463387687364e+00 1.817300294213867537e-47
6.920080482865659022e+00 1.733961176918245382e-47
6.968096371120712895e+00 1.654774987883078026e-47
7.016445423929364544e+00 1.579520960967676690e-47
7.065129952997670770e+00 1.507991041250595191e-47
7.114152286071764308e+00 1.439989068982669253e-47
7.163514767049155907e+00 1.375330010212154819e-47
7.213219756090789581e+00 1.313839244208465657e-47
7.263269629733905219e+00 1.255351929622538612e-47
7.313666781005652595e+00 1.199712380262694547e-47
7.364413619537513611e+00 1.146773515215542134e-47
7.415512571680523024e+00 1.096396333562635569e-47
7.466966080621261881e+00 1.048449431067806461e-47
7.518776606498691173e+00 1.002808551396926356e-47
7.570946626521762646e+00 9.593561591264668890e-48
7.623478635087869826e+00 9.179810550111006095e-48
7.676375143902114395e+00 8.785780086366600291e-48
7.729638682097387914e+00 8.410474065881492975e-48
7.783271796355308858e+00 8.052949429668141591e-48
7.837277051027977670e+00 7.712313142640840720e-48
7.891657028260587126e+00 7.387719340961031389e-48
7.946414328114890679e+00 7.078366769318450344e-48
8.001551568693503924e+00 6.783496233704604698e-48
8.057071386265098667e+00 6.502388293147717847e-48
8.112976435390438112e+00 6.234361078175078887e-48
8.169269389049306440e+00 5.978768219935526756e-48
8.225952938768314127e+00 5.734996897865931796e-48
8.283029794749570129e+00 5.502466038736034118e-48
8.340502686000293764e+00 5.280624557781838149e-48
8.398374360463268573e+00 5.068949788303043697e-48
8.456647585148241220e+00 4.866945918822993308e-48
8.515325146264222766e+00 4.674142534445870985e-48
8.574409849352699453e+00 4.490093296540667012e-48
8.633904519421777835e+00 4.314374628755704382e-48
8.693812001081255403e+00 4.146584517628685606e-48
8.754135158678622020e+00 3.986341358684354023e-48
8.814876876436029463e+00 3.833282877164521507e-48
8.876040058588174020e+00 3.687065124029495109e-48
8.937627629521175621e+00 3.547361463257886963e-48
8.999642533912386000e+00 3.413861706294667522e-48
9.062087736871186294e+00 3.286271231710066801e-48
9.124966224080763411e+00 3.164310162217530982e-48
9.188281001940856285e+00 3.047712604713997335e-48
9.252035097711509337e+00 2.936225904898049151e-48
9.316231559657802919e+00 2.829609982203456260e-48
9.380873457195605170e+00 2.727636653498493548e-48
9.445963881038332843e+00 2.630089024007920152e-48
9.511505943344722880e+00 2.536760903569298089e-48
9.577502777867637818e+00 2.447456248629465974e-48
9.643957540103892612e+00 2.361988650031785645e-48
9.710873407445131278e+00 2.280180826927346298e-48
9.778253579329746259e+00 2.201864160307038838e-48
9.846101277395861828e+00 2.126878253422776668e-48
9.914419745635354886e+00 2.055070500935241067e-48
9.983212250548969990e+00 1.986295710068208773e-48
1.005248208130249488e+01 1.922171374298738536e-48
1.012223254988401777e+01 1.861191784938117891e-48
1.019246699126231981e+01 1.802656074826737764e-48
1.026318876354625864e+01 1.746458424799419745e-48
1.033440124814541505e+01 1.692497889312611883e-48
1.040610784993169524e+01 1.640678151322262953e-48
1.047831199740216412e+01 1.590907309146285737e-48
1.055101714284298176e+01 1.543097655940839615e-48
1.062422676249441267e+01 1.497165475262816549e-48
1.069794435671711241e+01 1.453030852952635555e-48
1.077217345015942129e+01 1.410617494781973817e-48
1.084691759192592109e+01 1.369852551241810741e-48
1.092218035574714108e+01 1.330666450111271947e-48
1.099796534015037253e+01 1.292992745763643709e-48
1.107427616863180120e+01 1.256767970436290189e-48
1.115111648982969150e+01 1.221931484943677354e-48
1.122848997769887447e+01 1.188425357597442888e-48
1.130640033168639569e+01 1.156194224170069667e-48
1.138485127690839782e+01 1.125185174800602952e-48
1.146384656432824833e+01 1.095347637932356222e-48
1.154338997093584673e+01 1.066633267660426904e-48
1.162348529992824453e+01 1.038995844553720222e-48
1.170413638089146957e+01 1.012391170554990805e-48
1.178534706998363824e+01 9.867769823629496463e-49
1.186712125011933594e+01 9.621128559481535896e-49
1.194946283115524999e+01 9.383601260427255734e-49
1.203237575007712579e+01 9.154818009338396284e-49
1.211586397118800207e+01 8.934424909855880901e-49
1.219993148629774993e+01 8.722083298915862039e-49
1.228458231491395480e+01 8.517469075247949902e-49
1.236982050443406855e+01 8.320272061823069045e-49
1.245565013033894708e+01 8.130195326460344550e-49
1.254207529638770424e+01 7.946954609518811659e-49
1.262910013481392113e+01 7.770277753652691547e-49
1.271672880652324622e+01 7.599904150364352268e-49
1.280496550129229583e+01 7.435584210103044658e-49
1.289381443796900939e+01 7.277078903450630667e-49
1.298327986467436013e+01 7.124159253799064078e-49
1.307336605900545834e+01 6.976605909718779362e-49
1.316407732824010424e+01 6.834208702151833130e-49
1.325541800954269256e+01 6.696766256474424923e-49
1.334739247017160935e+01 6.564085594121852709e-49
1.344000510768803558e+01 6.435981748558588176e-49
1.353326035016620388e+01 6.312277442454890203e-49
1.362716265640514379e+01 6.192802721278532198e-49
1.372171651614182508e+01 6.077394657567021928e-49
1.381692645026585531e+01 5.965897026420845292e-49
1.391279701103562694e+01 5.858160025223162359e-49
1.400933278229597434e+01 5.754039976478855836e-49
1.410653837969735847e+01 5.653399094553705664e-49
1.420441845091651878e+01 5.556105197121795598e-49
1.430297767587871505e+01 5.462031488187611402e-49
1.440222076698148790e+01 5.371056307296046438e-49
1.450215246931995594e+01 5.283062933687305957e-49
1.460277756091373114e+01 5.197939351122337380e-49
1.470410085293531743e+01 5.115578057539643549e-49
1.480612718994017740e+01 5.035875873022161428e-49
1.490886145009836561e+01 4.958733753824925449e-49
1.501230854542774473e+01 4.884056620631014912e-49
1.511647342202888744e+01 4.811753186391882659e-49
1.522136106032151126e+01 4.741735806022060326e-49
1.532697647528264007e+01 4.673920305477345182e-49
1.543332471668636963e+01 4.608225852621474243e-49
1.554041086934531712e+01 4.544574813157405988e-49
1.564824005335375823e+01 4.482892610763787181e-49
1.575681742433239485e+01 4.423107605648099923e-49
1.586614817367488683e+01 4.365150971755497626e-49
1.597623752879606585e+01 4.308956580234951219e-49
1.608709075338185457e+01 4.254460881780469878e-49
1.619871314764099068e+01 4.201602810965537205e-49
1.631111004855834778e+01 4.150323674326198453e-49
1.642428683015022273e+01 4.100567057472479297e-49
1.653824890372121104e+01 4.052278732105909377e-49
1.665300171812294039e+01 4.005406560717179139e-49
1.676855076001465861e+01 3.959900419569864223e-49
1.688490155412545590e+01 3.915712110699471986e-49
1.700205966351853704e+01 3.872795285657892289e-49
1.712003068985712417e+01 3.831105369313928346e-49
1.723882027367231728e+01 3.790599491314725536e-49
1.735843409463281262e+01 3.751236411537300409e-49
1.747887787181637265e+01 3.712976460061436358e-49
1.760015736398340280e+01 3.675781471689580093e-49
1.772227836985217664e+01 3.639614722927915605e-49
1.784524672837614645e+01 3.604440879197474359e-49
1.796906831902314394e+01 3.570225935063290504e-49
1.809374906205639988e+01 3.536937164572696265e-49
1.821929491881772734e+01 3.504543067442609393e-49
1.834571189201246710e+01 3.473013322768769541e-49
1.847300602599650787e+01 3.442318739656182655e-49
1.860118340706534568e+01 3.412431215804585873e-49
1.873025016374496232e+01 3.383323690103694659e-49
1.886021246708499532e+01 3.354970107375985805e-49
1.899107653095367709e+01 3.327345374152029581e-49
1.912284861233499456e+01 3.300425321783526027e-49
1.925553501162785963e+01 3.274186672584017847e-49
1.938914207294728342e+01 3.248607001523646299e-49
1.952367618442780639e+01 3.223664706337118362e-49
1.965914377852884698e+01 3.199338973654417759e-49
1.979555133234229203e+01 3.175609748268107477e-49
1.993290536790221168e+01 3.152457704119852318e-49
2.007121245249660646e+01 3.129864216776819189e-49
2.021047919898153822e+01 3.107811335715644783e-49
2.035071226609719020e+01 3.086281757398556175e-49
2.049191835878630386e+01 3.065258802875381737e-49
2.063410422851477577e+01 3.044726390943368327e-49
2.077727667359437191e+01 3.024669017614890848e-49
2.092144253950791111e+01 3.005071732655617725e-49
2.106660871923644152e+01 2.985920119241178462e-49
2.121278215358888275e+01 2.967200273144503646e-49
2.135996983153390261e+01 2.948898783339325184e-49
2.150817879053397164e+01 2.931002713441641790e-49
2.165741611688200052e+01 2.913499584240669064e-49
2.180768894604002384e+01 2.896377354795224653e-49
2.195900446298042752e+01 2.879624408606249071e-49
2.211136990252950341e+01 2.863229535027106354e-49
2.226479254971327393e+01 2.847181915166064983e-49
2.241927974010593871e+01 2.831471107484527919e-49
2.257483886018050612e+01 2.816087033744234994e-49
2.273147734766199335e+01 2.801019963830646635e-49
2.288920269188310286e+01 2.786260505342193677e-49
2.304802243414216534e+01 2.771799589221848991e-49
2.320794416806389648e+01 2.757628458075889320e-49
2.336897553996231380e+01 2.743738655193083623e-49
2.353112424920640322e+01 2.730122012942699230e-49
2.369439804858827614e+01 2.716770642612065312e-49
2.385880474469372459e+01 2.703676923049470480e-49
2.402435219827565405e+01 2.690833492472196720e-49
2.419104832462978294e+01 2.678233237281164471e-49
2.435890109397316294e+01 2.665869284406359473e-49
2.452791853182525017e+01 2.653734991933861923e-49
2.469810871939160180e+01 2.641823940186598911e-49
2.486947979395032249e+01 2.630129924502567103e-49
2.504203994924105814e+01 2.618646947012139012e-49
2.521579743585680333e+01 2.607369209191891351e-49
2.539076056163837691e+01 2.596291104594831417e-49
2.556693769207162603e+01 2.585407212041411081e-49
2.574433725068747236e+01 2.574712289093761292e-49
2.592296771946456246e+01 2.564201265272135576e-49
2.610283763923488465e+01 2.553869236121197746e-49
2.628395561009211789e+01 2.543711457344461952e-49
2.646633029180280161e+01 2.533723338817006770e-49
2.664997040422045060e+01 2.523900439602487259e-49
2.683488472770237721e+01 2.514238461745836365e-49
2.702108210352958650e+01 2.504733246241683485e-49
2.720857143432946046e+01 2.495380767497688701e-49
2.739736168450142983e+01 2.486177128809400729e-49
2.758746188064564109e+01 2.477118557647284551e-49
2.777888111199438370e+01 2.468201401610108119e-49
2.797162853084689971e+01 2.459422123799254391e-49
2.816571335300678314e+01 2.450777299204529732e-49
2.836114485822271192e+01 2.442263610435821887e-49
2.855793239063217115e+01 2.433877844203089986e-49
2.875608535920806474e+01 2.425616887575276447e-49
2.895561323820880162e+01 2.417477724473175250e-49
2.915652556763112102e+01 2.409457432470717378e-49
2.935883195366627163e+01 2.401553179425470505e-49
2.956254206915940230e+01 2.393762220377809313e-49
2.976766565407184473e+01 2.386081894573108483e-49
2.997421251594705538e+01 2.378509622521079693e-49
3.018219253037934635e+01 2.371042903338489018e-49
3.039161564148614758e+01 2.363679311900674243e-49
3.060249186238350916e+01 2.356416496489416382e-49
3.081483127566470870e+01 2.349252175829116988e-49
3.102864403388251446e+01 2.342184137320728902e-49
3.124394036003446828e+01 2.335210234250299383e-49
3.146073054805171409e+01 2.328328383750896902e-49
3.167902496329126549e+01 2.321536564629408409e-49
3.189883404303140679e+01 2.314832815095433120e-49
3.212016829697096654e+01 2.308215231239745783e-49
3.234303830773163213e+01 2.301681964580040340e-49
3.256745473136400904e+01 2.295231220508552723e-49
3.279342829785717583e+01 2.288861256381720133e-49
3.302096981165151846e+01 2.282570379932873442e-49
3.325009015215560737e+01 2.276356947334235881e-49
3.348080027426610883e+01 2.270219361878690211e-49
3.371311120889170354e+01 2.264156072267945116e-49
3.394703406348055807e+01 2.258165571168160976e-49
3.418258002255118555e+01 2.252246393712889289e-49
3.441976034822749142e+01 2.246397116197343231e-49
3.465858638077703091e+01 2.240616354666940381e-49
3.489906953915329524e+01 2.234902763639298815e-49
3.514122132154175659e+01 2.229255034848404214e-49
3.538505330590944453e+01 2.223671896091519773e-49
3.563057715055874297e+01 2.218152109971134762e-49
3.587780459468464045e+01 2.212694472836642859e-49
3.612674745893606598e+01 2.207297813710919492e-49
3.637741764598116134e+01 2.201960993167558317e-49
3.662982714107614868e+01 2.196682902401129406e-49
3.688398801263866744e+01 2.191462462213927731e-49
3.713991241282458589e+01 2.186298622061151285e-49
3.739761257810909711e+01 2.181190359202014035e-49
3.765710082987187235e+01 2.176136677726832330e-49
3.791838957498595164e+01 2.171136607802093466e-49
3.818149130641122468e+01 2.166189204805897532e-49
3.844641860379156384e+01 2.161293548504655222e-49
3.871318413405634118e+01 2.156448742389033921e-49
3.898180065202618039e+01 2.151653912823097480e-49
3.925228100102253848e+01 2.146908208413876858e-49
3.952463811348211919e+01 2.142210799290549806e-49
3.979888501157492442e+01 2.137560876426575831e-49
4.007503480782702354e+01 2.132957651026589038e-49
4.035310070574752928e+01 2.128400353886142760e-49
4.063309600045972303e+01 2.123888234809777112e-49
4.091503407933696224e+01 2.119420562000663642e-49
4.119892842264259514e+01 2.114996621541320840e-49
4.148479260417452963e+01 2.110615716815419524e-49
4.177264029191434958e+01 2.106277168003582242e-49
4.206248524868058780e+01 2.101980311579104061e-49
4.235434133278702973e+01 2.097724499810292893e-49
4.264822249870512394e+01 2.093509100297466756e-49
4.294414279773126708e+01 2.089333495508319691e-49
4.324211637865862912e+01 2.085197082330459461e-49
4.354215748845361134e+01 2.081099271667180858e-49
4.384428047293715025e+01 2.077039487998247453e-49
4.414849977747045529e+01 2.073017168996332570e-49
4.445482994764580553e+01 2.069031765139290569e-49
4.476328562998200056e+01 2.065082739330359962e-49
4.507388157262457895e+01 2.061169566538502455e-49
4.538663262605113857e+01 2.057291733453446060e-49
4.570155374378115454e+01 2.053448738143982535e-49
4.601865998309111916e+01 2.049640089725208883e-49
4.633796650573440701e+01 2.045865308064083852e-49
4.665948857866618482e+01 2.042123923433667727e-49
4.698324157477347285e+01 2.038415476257947934e-49
4.730924097361000236e+01 2.034739516798783847e-49
4.763750236213646616e+01 2.031095604885808784e-49
4.796804143546572874e+01 2.027483309653177922e-49
4.830087399761322331e+01 2.023902209267426086e-49
4.863601596225270640e+01 2.020351890683678924e-49
4.897348335347697201e+01 2.016831949400451899e-49
4.931329230656412221e+01 2.013341989228429413e-49
4.965545906874899629e+01 2.009881622047162160e-49
4.999999999999999289e+01 2.006450467602121771e-49
5.034693157380139894e+01 2.003048153271391673e-49
5.069627037794075619e+01 1.999674313876933571e-49
5.104803311530231724e+01 1.996328591467053861e-49
5.140223660466548239e+01 1.993010635132641609e-49
5.175889778150880716e+01 1.989720100815258564e-49
5.211803369882010628e+01 1.986456651115025214e-49
5.247966152791137517e+01 1.983219955133246946e-49
5.284379855924019154e+01 1.980009688278413136e-49
5.321046220323622578e+01 1.976825532116946954e-49
5.357966999113354944e+01 1.973667174200694832e-49
5.395143957580922489e+01 1.970534307919943046e-49
5.432578873262691133e+01 1.967426632339399640e-49
5.470273536028711447e+01 1.964343852067536927e-49
5.508229748168283635e+01 1.961285677096534966e-49
5.546449324476112963e+01 1.958251822679985099e-49
5.584934092339118195e+01 1.955242009189195049e-49
5.623685891823758709e+01 1.952255961982008409e-49
5.662706575764056538e+01 1.949293411288217449e-49
5.701998009850164806e+01 1.946354092073586965e-49
5.741562072717555054e+01 1.943437743930833386e-49
5.781400656036881713e+01 1.940544110960357785e-49
5.821515664604383034e+01 1.937672941660150850e-49
5.861909016432991848e+01 1.934823988816000188e-49
5.902582642844026850e+01 1.931997009398966306e-49
5.943538488559515542e+01 1.929191764462948977e-49
5.984778511795219202e+01 1.926408019041171124e-49
6.026304684354212071e+01 1.923645542057271057e-49
6.068118991721201638e+01 1.920904106228023041e-49
6.110223433157442230e+01 1.918183487973039384e-49
6.152620021796307270e+01 1.915483467326374677e-49
6.195310784739583454e+01 1.912803827853378426e-49
6.238297763154347564e+01 1.910144356567357012e-49
6.281583012370606411e+01 1.907504843847332957e-49
6.325168601979518002e+01 1.904885083360859633e-49
6.369056615932391452e+01 1.902284871988455153e-49
6.413249152640305795e+01 1.899704009750397242e-49
6.457748325074419427e+01 1.897142299733070296e-49
6.502556260867048366e+01 1.894599548021810828e-49
6.547675102413337811e+01 1.892075563631581086e-49
6.593107006973741591e+01 1.889570158440571109e-49
6.638854146777151755e+01 1.887083147129935290e-49
6.684918709124731606e+01 1.884614347116547052e-49
6.731302896494554489e+01 1.882163578497166803e-49
6.778008926646843690e+01 1.879730663986499691e-49
6.825039032730067845e+01 1.877315428862346545e-49
6.872395463387690029e+01 1.874917700909008395e-49
6.920080482865657245e+01 1.872537310363600425e-49
6.968096371120716981e+01 1.870174089862691068e-49
7.016445423929364722e+01 1.867827874392534591e-49
7.065129952997666862e+01 1.865498501239488658e-49
7.114152286071765730e+01 1.863185809939590590e-49
7.163514767049153420e+01 1.860889642234359293e-49
7.213219756090792600e+01 1.858609842023097882e-49
7.263269629733905219e+01 1.856346255318806140e-49
7.313666781005647977e+01 1.854098730204843508e-49
7.364413619537515387e+01 1.851867116793708820e-49
7.415512571680521603e+01 1.849651267183818767e-49
7.466966080621266144e+01 1.847451035421871633e-49
7.518776606498691706e+01 1.845266277462268567e-49
7.570946626521758560e+01 1.843096851129880314e-49
7.623478635087872135e+01 1.840942616082534029e-49
7.676375143902112086e+01 1.838803433776760867e-49
7.729638682097392177e+01 1.836679167430140732e-49
7.783271796355309391e+01 1.834569681989225879e-49
7.837277051027973584e+01 1.832474844095541455e-49
7.891657028260588902e+01 1.830394522053008493e-49
7.946414328114889258e+01 1.828328585796459639e-49
8.001551568693507477e+01 1.826276906861513525e-49
8.057071386265099022e+01 1.824239358353766577e-49
8.112976435390434915e+01 1.822215814919490843e-49
8.169269389049308927e+01 1.820206152718169765e-49
8.225952938768311640e+01 1.818210249393795743e-49
8.283029794749575103e+01 1.816227984047809658e-49
8.340502686000294830e+01 1.814259237213059095e-49
8.398374360463265020e+01 1.812303890827710977e-49
8.456647585148242285e+01 1.810361828210696406e-49
8.515325146264220280e+01 1.808432934036331669e-49
8.574409849352703361e+01 1.806517094311366312e-49
8.633904519421778900e+01 1.804614196350644863e-49
8.693812001081251140e+01 1.802724128755359696e-49
8.754135158678624862e+01 1.800846781390222554e-49
8.814876876436026976e+01 1.798982045362090023e-49
8.876040058588178283e+01 1.797129812998573434e-49
8.937627629521176686e+01 1.795289977827999043e-49
8.999642533912381737e+01 1.793462434558352171e-49
9.062087736871187360e+01 1.791647079058701603e-49
9.124966224080760924e+01 1.789843808339361821e-49
9.188281001940860904e+01 1.788052520533430587e-49
9.252035097711508627e+01 1.786273114878374374e-49
9.316231559657798300e+01 1.784505491698516262e-49
9.380873457195606591e+01 1.782749552387541305e-49
9.445963881038331067e+01 1.781005199391449706e-49
9.511505943344727143e+01 1.779272336192240396e-49
9.577502777867637462e+01 1.777550867291304421e-49
9.643957540103887993e+01 1.775840698194317497e-49
9.710873407445130567e+01 1.774141735395565486e-49
9.778253579329744127e+01 1.772453886362557778e-49
9.846101277395865736e+01 1.770777059522289861e-49
9.914419745635355241e+01 1.769111164246630026e-49
9.983212250548965017e+01 1.767456110837758861e-49
1.005248208130249452e+02 1.765811810515589142e-49
1.012223254988401777e+02 1.764178175404194770e-49
1.019246699126232016e+02 1.762555118519062021e-49
1.026318876354625900e+02 1.760942553754288759e-49
1.033440124814540866e+02 1.759340395870586981e-49
1.040610784993169489e+02 1.757748560484010052e-49
1.047831199740216306e+02 1.756166964053344497e-49
1.055101714284298140e+02 1.754595523869856300e-49
1.062422676249441338e+02 1.753034158046243008e-49
1.069794435671710602e+02 1.751482785505617729e-49
1.077217345015942129e+02 1.749941325972462514e-49
1.084691759192592002e+02 1.748409699961417512e-49
1.092218035574714037e+02 1.746887828769069963e-49
1.099796534015037253e+02 1.745375634463897629e-49
1.107427616863179480e+02 1.743873039877979547e-49
1.115111648982969115e+02 1.742379968598837433e-49
1.122848997769886807e+02 1.740896344960024441e-49
1.130640033168639604e+02 1.739422094035687234e-49
1.138485127690839818e+02 1.737957141631291098e-49
1.146384656432825437e+02 1.736501414277870945e-49
1.154338997093584709e+02 1.735054839225336176e-49
1.162348529992823813e+02 1.733617344436605461e-49
1.170413638089146957e+02 1.732188858582218954e-49
1.178534706998363788e+02 1.730769311035539229e-49
1.186712125011934233e+02 1.729358631867707619e-49
1.194946283115525034e+02 1.727956751844808839e-49
1.203237575007711939e+02 1.726563602424379271e-49
1.211586397118800136e+02 1.725179115752970789e-49
1.219993148629774993e+02 1.723803224664764398e-49
1.228458231491396191e+02 1.722435862680320243e-49
1.236982050443406962e+02 1.721076964007544636e-49
1.245565013033894104e+02 1.719726463541727657e-49
1.254207529638770353e+02 1.718384296869665373e-49
1.262910013481392184e+02 1.717050400271412337e-49
1.271672880652325262e+02 1.715724710726574871e-49
1.280496550129229547e+02 1.714407165920888838e-49
1.289381443796900157e+02 1.713097704254605745e-49
1.298327986467436119e+02 1.711796264853310854e-49
1.307336605900545976e+02 1.710502787581265975e-49
1.316407732824011134e+02 1.709217213056491655e-49
1.325541800954269434e+02 1.707939482671052939e-49
1.334739247017160153e+02 1.706669538612661410e-49
1.344000510768803451e+02 1.705407323892133705e-49
1.353326035016620494e+02 1.704152782375508953e-49
1.362716265640515019e+02 1.702905858820948353e-49
1.372171651614182508e+02 1.701666498923889642e-49
1.381692645026584785e+02 1.700434649369067801e-49
1.391279701103562729e+02 1.699210257892542385e-49
1.400933278229597363e+02 1.697993273354555872e-49
1.410653837969736628e+02 1.696783645825745632e-49
1.420441845091651771e+02 1.695581326689829570e-49
1.430297767587870794e+02 1.694386268765091085e-49
1.440222076698148612e+02 1.693198426449172618e-49
1.450215246931995523e+02 1.692017755892522453e-49
1.460277756091373931e+02 1.690844215206101521e-49
1.470410085293531779e+02 1.689677764711841158e-49
1.480612718994017030e+02 1.688518367245016735e-49
1.490886145009836525e+02 1.687365988523675188e-49
1.501230854542774296e+02 1.686220597597955979e-49
1.511647342202889490e+02 1.685082167404009346e-49
1.522136106032151304e+02 1.683950675447368189e-49
1.532697647528263190e+02 1.682826104655987911e-49
1.543332471668637140e+02 1.681708444446343243e-49
1.554041086934531677e+02 1.680597692073737671e-49
1.564824005335376569e+02 1.679493854347565885e-49
1.575681742433239378e+02 1.678396949838717088e-49
1.586614817367487831e+02 1.677307011739969298e-49
1.597623752879606513e+02 1.676224091615279142e-49
1.608709075338185528e+02 1.675148264367161370e-49
1.619871314764099282e+02 1.674079634899495150e-49
1.631111004855834778e+02 1.673018347173892557e-49
1.642428683015021704e+02 1.671964596696467585e-49
1.653824890372121104e+02 1.670918648018064762e-49
1.665300171812293968e+02 1.669880859688473118e-49
1.676855076001465932e+02 1.668851720553890606e-49
1.688490155412545448e+02 1.667831903712633073e-49
1.700205966351852851e+02 1.666822348730480470e-49
1.712003068985712559e+02 1.665824390450671252e-49
1.723882027367231728e+02 1.664839967358450830e-49
1.735843409463281262e+02 1.663871971272363981e-49
1.747887787181637407e+02 1.662924860018243207e-49
1.760015736398339357e+02 1.662005786976456402e-49
1.772227836985217664e+02 1.661126815383835203e-49
1.784524672837614503e+02 1.660309599559738427e-49
1.796906831902314536e+02 1.659596271915843379e-49
1.809374906205640059e+02 1.659078129946964243e-49
1.821929491881772094e+02 1.658985396677624176e-49
1.834571189201246852e+02 1.660049777937210488e-49
1.847300602599650858e+02 1.665767582431090891e-49
1.860118340706534639e+02 1.722645941980532504e-49
1.873025016374496374e+02 1.896909268222597457e-49
1.886021246708498609e+02 1.667296367375317011e-49
1.899107653095367994e+02 1.655777963198049154e-49
1.912284861233499385e+02 1.652244128767549588e-49
1.925553501162786176e+02 1.650303836876962534e-49
1.938914207294728271e+02 1.648885427141201758e-49
1.952367618442779644e+02 1.647688495201539344e-49
1.965914377852884911e+02 1.646602585300861492e-49
1.979555133234229061e+02 1.645579469214877678e-49
1.993290536790221097e+02 1.644595407217964153e-49
2.007121245249660717e+02 1.643637626536633150e-49
2.021047919898154817e+02 1.642698764067296530e-49
2.035071226609719020e+02 1.641774333553836659e-49
2.049191835878630457e+02 1.640861473785050876e-49
2.063410422851477790e+02 1.639958288122792434e-49
2.077727667359437476e+02 1.639063476715713584e-49
2.092144253950791892e+02 1.638176122205045377e-49
2.106660871923644152e+02 1.637295559946498046e-49
2.121278215358888133e+02 1.636421296751524108e-49
2.135996983153390261e+02 1.635552958507591059e-49
2.150817879053397235e+02 1.634690255538586865e-49
2.165741611688201260e+02 1.633832959170963561e-49
2.180768894604002526e+02 1.632980885556248826e-49
2.195900446298042823e+02 1.632133884298714212e-49
2.211136990252950341e+02 1.631291830326246945e-49
2.226479254971327464e+02 1.630454617994044281e-49
2.241927974010595221e+02 1.629622156749081790e-49
2.257483886018050612e+02 1.628794367901500687e-49
2.273147734766199335e+02 1.627971182193979869e-49
2.288920269188310215e+02 1.627152537951518849e-49
2.304802243414216605e+02 1.626338379660582337e-49
2.320794416806390643e+02 1.625528656867451058e-49
2.336897553996231522e+02 1.624723323317251980e-49
2.353112424920640535e+02 1.623922336276909895e-49
2.369439804858827756e+02 1.623125655997592511e-49
2.385880474469372530e+02 1.622333245286880613e-49
2.402435219827566755e+02 1.621545069164545385e-49
2.419104832462978152e+02 1.620761094586934039e-49
2.435890109397315086e+02 1.619981290221431477e-49
2.452791853182525017e+02 1.619205626265681390e-49
2.469810871939160108e+02 1.618434074298875033e-49
2.486947979395033599e+02 1.617666607160179661e-49
2.504203994924105814e+02 1.616903198850443451e-49
2.521579743585679125e+02 1.616143824451170770e-49
2.539076056163837620e+02 1.615388460058512408e-49
2.556693769207162745e+02 1.614637082728754182e-49
2.574433725068748231e+02 1.613889670436063178e-49
2.592296771946456033e+02 1.613146202036560324e-49
2.610283763923487186e+02 1.612406657240842490e-49
2.628395561009211860e+02 1.611671016592552139e-49
2.646633029180280232e+02 1.610939261451614033e-49
2.664997040422045984e+02 1.610211373982309186e-49
2.683488472770237649e+02 1.609487337145807927e-49
2.702108210352957371e+02 1.608767134694866437e-49
2.720857143432946259e+02 1.608050751172656701e-49
2.739736168450143055e+02 1.607338171914019739e-49
2.758746188064563967e+02 1.606629383048978771e-49
2.777888111199438299e+02 1.605924371508399149e-49
2.797162853084688550e+02 1.605223125032435421e-49
2.816571335300678243e+02 1.604525632180611258e-49
2.836114485822271263e+02 1.603831882343349731e-49
2.855793239063216902e+02 1.603141865756535335e-49
2.875608535920806617e+02 1.602455573516774124e-49
2.895561323820878670e+02 1.601772997600232541e-49
2.915652556763112102e+02 1.601094130882176822e-49
2.935883195366627092e+02 1.600418967159475220e-49
2.956254206915940017e+02 1.599747501176172601e-49
2.976766565407184544e+02 1.599079728651080578e-49
2.997421251594703904e+02 1.598415646309267285e-49
3.018219253037934777e+02 1.597755251917987272e-49
3.039161564148614616e+02 1.597098544326275366e-49
3.060249186238351058e+02 1.596445523511987714e-49
3.081483127566470444e+02 1.595796190634499142e-49
3.102864403388250025e+02 1.595150548098259653e-49
3.124394036003446899e+02 1.594508599626497504e-49
3.146073054805171409e+02 1.593870350351688604e-49
3.167902496329126620e+02 1.593235806925097576e-49
3.189883404303140537e+02 1.592604977653822920e-49
3.212016829697095091e+02 1.591977872674288058e-49
3.234303830773163213e+02 1.591354504175466372e-49
3.256745473136401188e+02 1.590734886692914119e-49
3.279342829785717299e+02 1.590119037502102293e-49
3.302096981165151988e+02 1.589506977157012443e-49
3.325009015215558748e+02 1.588898730242579710e-49
3.348080027426610741e+02 1.588294326448966849e-49
3.371311120889170638e+02 1.587693802146304635e-49
3.394703406348055523e+02 1.587097202750740833e-49
3.418258002255118981e+02 1.586504586386232705e-49
3.441976034822747579e+02 1.585916029737282430e-49
3.465858638077702949e+02 1.585331637753792483e-49
3.489906953915329382e+02 1.584751560433751224e-49
3.514122132154175802e+02 1.584176023322842104e-49
3.538505330590944027e+02 1.583605386303214105e-49
3.563057715055872450e+02 1.583040265368717064e-49
3.587780459468463619e+02 1.582481808648663564e-49
3.612674745893606314e+02 1.581932399495168949e-49
3.637741764598115992e+02 1.581397754546971789e-49
3.662982714107614584e+02 1.580894803901668205e-49
3.688398801263868449e+02 1.580494793984141385e-49
3.713991241282458873e+02 1.580846770197349621e-49
3.739761257810910138e+02 1.663374601024803993e-49
3.765710082987187093e+02 1.579324289039483686e-49
3.791838957498594596e+02 1.578261348276199149e-49
3.818149130641124316e+02 1.577625647892819037e-49
3.844641860379156242e+02 1.577063044267812272e-49
3.871318413405634260e+02 1.576525367445317428e-49
3.898180065202618039e+02 1.576000342499257041e-49
3.925228100102253848e+02 1.575483731211476626e-49
3.952463811348213767e+02 1.574973784389525223e-49
3.979888501157492442e+02 1.574469697034358400e-49
4.007503480782701786e+02 1.573971076842491490e-49
4.035310070574753354e+02 1.573477732203371912e-49
4.063309600045972161e+02 1.572989577805537182e-49
4.091503407933698213e+02 1.572506588870399742e-49
4.119892842264259230e+02 1.572028777403869822e-49
4.148479260417452679e+02 1.571556179175281849e-49
4.177264029191435384e+02 1.571088846248988553e-49
4.206248524868058780e+02 1.570626842539459680e-49
4.235434133278704962e+02 1.570170241087078440e-49
4.264822249870512110e+02 1.569719122349458713e-49
4.294414279773124008e+02 1.569273573113863555e-49
4.324211637865862485e+02 1.568833685800195389e-49
4.354215748845361418e+02 1.568399558016052123e-49
4.384428047293717441e+02 1.567971292279857097e-49
4.414849977747045386e+02 1.567548995856721922e-49
4.445482994764578280e+02 1.567132780674194591e-49
4.476328562998199914e+02 1.566722763293172656e-49
4.507388157262458321e+02 1.566319064920647985e-49
4.538663262605115847e+02 1.565921811451906778e-49
4.570155374378115312e+02 1.565531133537614994e-49
4.601865998309110068e+02 1.565147166667666678e-49
4.633796650573440843e+02 1.564770051271991573e-49
4.665948857866619051e+02 1.564399932833061262e-49
4.698324157477349559e+02 1.564036962010739362e-49
4.730924097361000236e+02 1.563681294777750611e-49
4.763750236213644484e+02 1.563333092565011673e-49
4.796804143546572732e+02 1.562992522419288897e-49
4.830087399761322331e+02 1.562659757171140536e-49
4.863601596225273056e+02 1.562334975617651923e-49
4.897348335347697343e+02 1.562018362721084264e-49
4.931329230656409663e+02 1.561710109828814402e-49
4.965545906874899629e+02 1.561410414920463802e-49
4.999999999999999432e+02 1.561119482894481998e-49
5.034693157380134494e+02 1.560837525909763513e-49
5.069627037794076045e+02 1.560564763811687202e-49
5.104803311530232008e+02 1.560301424689102710e-49
5.140223660466548381e+02 1.560047745645134888e-49
5.175889778150880147e+02 1.559803973929426940e-49
5.211803369882004517e+02 1.559570368710403061e-49
5.247966152791137802e+02 1.559347204043141177e-49
5.284379855924019012e+02 1.559134774191419325e-49
5.321046220323622720e+02 1.558933403929767602e-49
5.357966999113355087e+02 1.558743470279639161e-49
5.395143957580917231e+02 1.558565453394406216e-49
5.432578873262691559e+02 1.558400072597489610e-49
5.470273536028711305e+02 1.558248722385047705e-49
5.508229748168283777e+02 1.558115305163076502e-49
5.546449324476112679e+02 1.558018597255863039e-49
5.584934092339112794e+02 1.558281541307153375e-49
5.623685891823758993e+02 1.558279866293455305e-49
5.662706575764057106e+02 1.557706306381322329e-49
5.701998009850165090e+02 1.557595601593519664e-49
5.741562072717555338e+02 1.557524952187021359e-49
5.781400656036876171e+02 1.557474736852313958e-49
5.821515664604382891e+02 1.557441695393377034e-49
5.861909016432991848e+02 1.557425174289467380e-49
5.902582642844026850e+02 1.557425199798161166e-49
5.943538488559515827e+02 1.557442035518981866e-49
5.984778511795212808e+02 1.557476048318079936e-49
6.026304684354212213e+02 1.557527659643581675e-49
6.068118991721202065e+02 1.557597325484865523e-49
6.110223433157442514e+02 1.557685527373605860e-49
6.152620021796307128e+02 1.557792768117473862e-49
6.195310784739577912e+02 1.557919569746302028e-49
6.238297763154347422e+02 1.558066472566108759e-49
6.281583012370599590e+02 1.558234034803740026e-49
6.325168601979518144e+02 1.558422832585437680e-49
6.369056615932391878e+02 1.558633460112983762e-49
6.413249152640298689e+02 1.558866529965457672e-49
6.457748325074419427e+02 1.559122673483500722e-49
6.502556260867041829e+02 1.559402541214564064e-49
6.547675102413337527e+02 1.559706803402197066e-49
6.593107006973741591e+02 1.560036150514707728e-49
6.638854146777144933e+02 1.560391293808068105e-49
6.684918709124732459e+02 1.560772965922867606e-49
6.731302896494547667e+02 1.561181921519050864e-49
6.778008926646843975e+02 1.561618937953726561e-49
6.825039032730068129e+02 1.562084816018123944e-49
6.872395463387682639e+02 1.562580380755282749e-49
6.920080482865656677e+02 1.563106482406072883e-49
6.968096371120709591e+02 1.563663997569479871e-49
7.016445423929365006e+02 1.564253830755843680e-49
7.065129952997667715e+02 1.564876916713364360e-49
7.114152286071758908e+02 1.565534224418657488e-49
7.163514767049153988e+02 1.566226765008312280e-49
7.213219756090785495e+02 1.566955610232221095e-49
7.263269629733905504e+02 1.567721943710038250e-49
7.313666781005648545e+02 1.568527239363194573e-49
7.364413619537507429e+02 1.569374132067748345e-49
7.415512571680520750e+02 1.570274509330252930e-49
7.466966080621258470e+02 1.572869151674381530e-49
7.518776606498690853e+02 1.572181496950980218e-49
7.570946626521758844e+02 1.573165206134972181e-49
7.623478635087872135e+02 1.574218652420556937e-49
7.676375143902112086e+02 1.575321823767977409e-49
7.729638682097383935e+02 1.576473857522427206e-49
7.783271796355309107e+02 1.577675633547464625e-49
7.837277051027973584e+02 1.578928413803278306e-49
7.891657028260589186e+02 1.580233602717648297e-49
7.946414328114889258e+02 1.581593107994802821e-49
8.001551568693499803e+02 1.583007179264861817e-49
8.057071386265098454e+02 1.584478703054413619e-49
8.112976435390434062e+02 1.586008894043754263e-49
8.169269389049309211e+02 1.587599444822317098e-49
8.225952938768310787e+02 1.589252099503230135e-49
8.283029794749566008e+02 1.590968653818838797e-49
8.340502686000294261e+02 1.592750956232177891e-49
8.398374360463265020e+02 1.594600909270178940e-49
8.456647585148242570e+02 1.596520470978236580e-49
8.515325146264220848e+02 1.598511656467700091e-49
8.574409849352695119e+02 1.600576539547940816e-49
8.633904519421778332e+02 1.602717254449592036e-49
8.693812001081250855e+02 1.604935997657896594e-49
8.754135158678624293e+02 1.607235029905188655e-49
8.814876876436027260e+02 1.609616678422661433e-49
8.876040058588170041e+02 1.612083339685427579e-49
8.937627629521176686e+02 1.614637483233251536e-49
8.999642533912381168e+02 1.617281658187034071e-49
9.062087736871186507e+02 1.620018507692131055e-49
9.124966224080760639e+02 1.622850811969295462e-49
9.188281001940850956e+02 1.625781670830909755e-49
9.252035097711509479e+02 1.628815842303778985e-49
9.316231559657798016e+02 1.632006565600884533e-49
9.380873457195606306e+02 1.635211635893432696e-49
9.445963881038330783e+02 1.638541531485206826e-49
9.511505943344717480e+02 1.642003802965812005e-49
9.577502777867638315e+02 1.645583953037531411e-49
9.643957540103887141e+02 1.649284172462996115e-49
9.710873407445130852e+02 1.653107690959349776e-49
9.778253579329743843e+02 1.657058000897139392e-49
9.846101277395855504e+02 1.661138741010238934e-49
9.914419745635356094e+02 1.665353670731432241e-49
9.983212250548965585e+02 1.669706664295405082e-49
1.005248208130249395e+03 1.674201710535954008e-49
1.012223254988401777e+03 1.678842914692675559e-49
1.019246699126230965e+03 1.683634501059596116e-49
1.026318876354625900e+03 1.688580816059903778e-49
1.033440124814540923e+03 1.693686331579485732e-49
1.040610784993169545e+03 1.698955648494633844e-49
1.047831199740216334e+03 1.704393500376389460e-49
1.055101714284297032e+03 1.710004757388642795e-49
1.062422676249441338e+03 1.715794430441999810e-49
1.069794435671710517e+03 1.721767675771403421e-49
1.077217345015942101e+03 1.727929800385733835e-49
1.084691759192592144e+03 1.734286269754448040e-49
1.092218035574712985e+03 1.740842722706638742e-49
1.099796534015037196e+03 1.747605017008911015e-49
1.107427616863179537e+03 1.754579475135946689e-49
1.115111648982969200e+03 1.761776472099991427e-49
1.122848997769886864e+03 1.769246561284136307e-49
1.130640033168638411e+03 1.776833279257726352e-49
1.138485127690839818e+03 1.784714799894379416e-49
1.146384656432824158e+03 1.792841559855805345e-49
1.154338997093584794e+03 1.801219579651199737e-49
1.162348529992823842e+03 1.809855943588161443e-49
1.170413638089145707e+03 1.818758058546018613e-49
1.178534706998363845e+03 1.827933572413844395e-49
1.186712125011933040e+03 1.837390361824785569e-49
1.194946283115524921e+03 1.847136533193845303e-49
1.203237575007711939e+03 1.857180427374150262e-49
1.211586397118798914e+03 1.867530625612414593e-49
1.219993148629774851e+03 1.878195956124639958e-49
1.228458231491394827e+03 1.889185501067616279e-49
1.236982050443406933e+03 1.900508603845066048e-49
1.245565013033894047e+03 1.912174876775540131e-49
1.254207529638769074e+03 1.924194209266558761e-49
1.262910013481392070e+03 1.936576776950838133e-49
1.271672880652324011e+03 1.949333053362097477e-49
1.280496550129229490e+03 1.962473830974349011e-49
1.289381443796900385e+03 1.976010294053948147e-49
1.298327986467434812e+03 1.989954680834726280e-49
1.307336605900545919e+03 2.005504232436954699e-49
1.316407732824009827e+03 2.019108954066671269e-49
1.325541800954269320e+03 2.034343135151737956e-49
1.334739247017160324e+03 2.050034310651409042e-49
1.344000510768802087e+03 2.066194621840364829e-49
1.353326035016620381e+03 2.082837457316008149e-49
1.362716265640513711e+03 2.099976680333666072e-49
1.372171651614182565e+03 2.117626571462201852e-49
1.381692645026584842e+03 2.135801827411842165e-49
1.391279701103562729e+03 2.154517569518495757e-49
1.400933278229597590e+03 2.173789354838804755e-49
1.410653837969735150e+03 2.193633188310524998e-49
1.420441845091651885e+03 2.214065535572634484e-49
1.430297767587870794e+03 2.235103336369383527e-49
1.440222076698148840e+03 2.256764018664891040e-49
1.450215246931995580e+03 2.279065514010172390e-49
1.460277756091372339e+03 2.302026276373337932e-49
1.470410085293531665e+03 2.325665316495767990e-49
1.480612718994017087e+03 2.350002366706023981e-49
1.490886145009836582e+03 2.375064349874612262e-49
1.501230854542774523e+03 2.400851293896714613e-49
1.511647342202888012e+03 2.427402362975893338e-49
1.522136106032151247e+03 2.454736533639577255e-49
1.532697647528263133e+03 2.482874942909513128e-49
1.543332471668637027e+03 2.511840637210512210e-49
1.554041086934531677e+03 2.541657409430623371e-49
1.564824005335374977e+03 2.572349752984946894e-49
1.575681742433239378e+03 2.603942871498586233e-49
1.586614817367487831e+03 2.636462696863125279e-49
1.597623752879606627e+03 2.669935909636381565e-49
1.608709075338185585e+03 2.704389960616195656e-49
1.619871314764097406e+03 2.739853093379898496e-49
1.631111004855834835e+03 2.776354368008800933e-49
1.642428683015021534e+03 2.813923687182437006e-49
1.653824890372120990e+03 2.852591831141818675e-49
1.665300171812294138e+03 2.892390562218199801e-49
1.676855076001464113e+03 2.933355763639079916e-49
1.688490155412545391e+03 2.975511022676531856e-49
1.700205966351852794e+03 3.018899057642868857e-49
1.712003068985712616e+03 3.063554448563795242e-49
1.723882027367231785e+03 3.109512866807199036e-49
1.735843409463279386e+03 3.156811807488193558e-49
1.747887787181637350e+03 3.205489898876056653e-49
1.760015736398339186e+03 3.255586896212249182e-49
1.772227836985217436e+03 3.307143708641622336e-49
1.784524672837614617e+03 3.360202431622617683e-49
1.796906831902312661e+03 3.414806381396819983e-49
1.809374906205639945e+03 3.471000130990999307e-49
1.821929491881772037e+03 3.528829548120439284e-49
1.834571189201246852e+03 3.588341837540952140e-49
1.847300602599651029e+03 3.649585608299631741e-49
1.860118340706532763e+03 3.712611481381632394e-49
1.873025016374496317e+03 3.777470160290225353e-49
1.886021246708498438e+03 3.844212282399190911e-49
1.899107653095367823e+03 3.912896081512621959e-49
1.912284861233499214e+03 3.983576210263509469e-49
1.925553501162784187e+03 4.056310292626104605e-49
1.938914207294728385e+03 4.131157676515406601e-49
1.952367618442779758e+03 4.208179445622901782e-49
1.965914377852884854e+03 4.287438465639408047e-49
1.979555133234229061e+03 4.368999436003916659e-49
1.993290536790218994e+03 4.452928944217667741e-49
2.007121245249660660e+03 4.539295522669360557e-49
2.021047919898152713e+03 4.628169710358718517e-49
2.035071226609719133e+03 4.719624142719288871e-49
2.049191835878630627e+03 4.813734816299544312e-49
2.063410422851475687e+03 4.910574770871045490e-49
2.077727667359437419e+03 5.010226423416764503e-49
2.092144253950789789e+03 5.112770822315508859e-49
2.106660871923644208e+03 5.218291522104163327e-49
2.121278215358888247e+03 5.326874813956344379e-49
2.135996983153388101e+03 5.438609537498172821e-49
2.150817879053397064e+03 5.553587142873540218e-49
2.165741611688199100e+03 5.671901766916201182e-49
2.180768894604002526e+03 5.793650313565442477e-49
2.195900446298042880e+03 5.918932537939954551e-49
2.211136990252948181e+03 6.047851137809804724e-49
2.226479254971327464e+03 6.180511908357493677e-49
2.241927974010592607e+03 6.317046076047373494e-49
2.257483886018050725e+03 6.457497876976732623e-49
2.273147734766199392e+03 6.602050567951240239e-49
2.288920269188307884e+03 6.750800339417898307e-49
2.304802243414216719e+03 6.903869397906406366e-49
2.320794416806388199e+03 7.061383608164924650e-49
2.336897553996231636e+03 7.223472564844493449e-49
2.353112424920640478e+03 7.390269702116012261e-49
2.369439804858825028e+03 7.561912410132168077e-49
2.385880474469372530e+03 7.738542156839919345e-49
2.402435219827564197e+03 7.920304622339482710e-49
2.419104832462978266e+03 8.107350083689947610e-49
2.435890109397314973e+03 8.299832279630986293e-49
2.452791853182522573e+03 8.497910489310560630e-49
2.469810871939159824e+03 8.701748934358126281e-49
2.486947979395030870e+03 8.911516057490539783e-49
2.504203994924105700e+03 9.127385555380179425e-49
2.521579743585678898e+03 9.349536323813506426e-49
2.539076056163837620e+03 9.578152609744062234e-49
2.556693769207162859e+03 9.813424175796546494e-49
2.574433725068745844e+03 1.005554647237874846e-48
2.592296771946456374e+03 1.030472082872801877e-48
2.610283763923487186e+03 1.056115617180096197e-48
2.628395561009212088e+03 1.082506124816268736e-48
2.646633029180280118e+03 1.109666084346009380e-48
2.664997040422043483e+03 1.137618010949453555e-48
2.683488472770237877e+03 1.166385246305251655e-48
2.702108210352957030e+03 1.195991841311542745e-48
2.720857143432946032e+03 1.226462573950755130e-48
2.739736168450142941e+03 1.257822971830478900e-48
2.758746188064561011e+03 1.290099335833074389e-48
2.777888111199438299e+03 1.323318765654384187e-48
2.797162853084688322e+03 1.357509363782970393e-48
2.816571335300678584e+03 1.392699343789985053e-48
2.836114485822271490e+03 1.428918903200261459e-48
2.855793239063214060e+03 1.466198412277717995e-48
2.875608535920806389e+03 1.504569347467562033e-48
2.895561323820878897e+03 1.544064149616357620e-48
2.915652556763111988e+03 1.584716251975413742e-48
2.935883195366627206e+03 1.626560111739777798e-48
2.956254206915937175e+03 1.669631243165564115e-48
2.976766565407184771e+03 1.713966262265551830e-48
2.997421251594703790e+03 1.759602866178420087e-48
3.018219253037934777e+03 1.806579962127577141e-48
3.039161564148614616e+03 1.854937651964680228e-48
3.060249186238348102e+03 1.904717255501860217e-48
3.081483127566470557e+03 1.955961377695163312e-48
3.102864403388249684e+03 2.008713942878860070e-48
3.124394036003446672e+03 2.063020237314515644e-48
3.146073054805171523e+03 2.118926953952908050e-48
3.167902496329123551e+03 2.176482284814739191e-48
3.189883404303140651e+03 2.235735724027096497e-48
3.212016829697095091e+03 2.296738608495631277e-48
3.234303830773163099e+03 2.359543683692392723e-48
3.256745473136400960e+03 2.424205387575191372e-48
3.279342829785714002e+03 2.490779865055880825e-48
3.302096981165152101e+03 2.559325022072628839e-48
3.325009015215558520e+03 2.629900583539922121e-48
3.348080027426610741e+03 2.702568159625975911e-48
3.371311120889170525e+03 2.777391273924685425e-48
3.394703406348052340e+03 2.854435484230321749e-48
3.418258002255118754e+03 2.933768414747579371e-48
3.441976034822747806e+03 3.015459816978817450e-48
3.465858638077703290e+03 3.099581655848034606e-48
3.489906953915329723e+03 3.186208178440193576e-48
3.514122132154172050e+03 3.275415989441663147e-48
3.538505330590944141e+03 3.367284147352308418e-48
3.563057715055871995e+03 3.461894146487890694e-48
3.587780459468463505e+03 3.559330197120873506e-48
3.612674745893606541e+03 3.659679119520771983e-48
3.637741764598112240e+03 3.763030519827511399e-48
3.662982714107614811e+03 3.869476868313582950e-48
3.688398801263864698e+03 3.979113591735897376e-48
3.713991241282458759e+03 4.092039171390758594e-48
3.739761257810910138e+03 4.208355240767362924e-48
3.765710082987183341e+03 4.328166663871664815e-48
3.791838957498594937e+03 4.451581711030373681e-48
3.818149130641120337e+03 4.578712083788209171e-48
3.844641860379156242e+03 4.709673069537773728e-48
3.871318413405634146e+03 4.844583645994423376e-48
3.898180065202614060e+03 4.983566597913018297e-48
3.925228100102254302e+03 5.126748637390368139e-48
3.952463811348209674e+03 5.274260490330479020e-48
3.979888501157492556e+03 5.426237104138536795e-48
4.007503480782701899e+03 5.582817678398223500e-48
4.035310070574748806e+03 5.744145839629445432e-48
4.063309600045972275e+03 5.910369759010066067e-48
4.091503407933694234e+03 6.081642283960219839e-48
4.119892842264259343e+03 6.258121045198834845e-48
4.148479260417452679e+03 6.439968623647549805e-48
4.177264029191431291e+03 6.627352644936010522e-48
4.206248524868058666e+03 6.820445911270706717e-48
4.235434133278700756e+03 7.019426525960128221e-48
4.264822249870511769e+03 7.224478009223476135e-48
4.294414279773124690e+03 7.435789428131862358e-48
4.324211637865858393e+03 7.653555392530356732e-48
4.354215748845361304e+03 7.877976372120914393e-48
4.384428047293712552e+03 8.109258551083567225e-48
4.414849977747045159e+03 8.347614009781453278e-48
4.445482994764578507e+03 8.593260752521114242e-48
4.476328562998200141e+03 8.846423312523713285e-48
4.507388157262457753e+03 9.107329866386300515e-48
4.538663262605111413e+03 9.376217989898489311e-48
4.570155374378115084e+03 9.653328810907055093e-48
4.601865998309110182e+03 9.938909796321683551e-48
4.633796650573441184e+03 1.023321402005660919e-47
4.665948857866618710e+03 1.053649997092347435e-47
4.698324157477344670e+03 1.084903115599823504e-47
4.730924097361000349e+03 1.117107597487161192e-47
4.763750236213644712e+03 1.150290702508767149e-47
4.796804143546572959e+03 1.184480065751082235e-47
4.830087399761322558e+03 1.219703626245760573e-47
4.863601596225267713e+03 1.255989542233461083e-47
4.897348335347696775e+03 1.293366091248232135e-47
4.931329230656409891e+03 1.331861548483403211e-47
4.965545906874899629e+03 1.371504042071968941e-47
4.999999999999999091e+03 1.412321382523850305e-47
