5.000000000000000888e+00 5.365558300824130172e-47
5.034693157380139006e+00 5.022473967920833789e-47
5.069627037794075974e+00 4.706876105957823947e-47
5.104803311530234922e+00 4.416046046872420377e-47
5.140223660466546995e+00 4.147576185907515459e-47
5.175889778150882137e+00 3.899331284125487859e-47
5.211803369882009207e+00 3.669414838501357844e-47
5.247966152791137873e+00 3.456139795261512737e-47
5.284379855924021818e+00 3.258003075168801813e-47
5.321046220323622400e+00 3.073663346543877582e-47
5.357966999113356721e+00 2.901921650510726135e-47
5.395143957580921246e+00 2.741704494993307971e-47
5.432578873262690955e+00 2.592049086674908170e-47
5.470273536028714467e+00 2.452090402786916710e-47
5.508229748168283813e+00 2.321049905749022332e-47
5.546449324476114384e+00 2.198225637456441175e-47
5.584934092339116418e+00 2.082983559993182015e-47
5.623685891823758887e+00 1.974749929999888533e-47
5.662706575764059558e+00 1.873004631237910328e-47
5.701998009850164806e+00 1.777275299936743010e-47
5.741562072717556475e+00 1.687132157012638499e-47
5.781400656036880470e+00 1.602183458112356837e-47
5.821515664604382856e+00 1.522071488427469023e-47
5.861909016432995223e+00 1.446469017922534147e-47
5.902582642844026672e+00 1.374328369863957918e-47
5.943538488559517496e+00 1.305501171526486837e-47
5.984778511795218137e+00 1.240524858476178574e-47
6.026304684354212071e+00 1.179150633945291524e-47
6.068118991721204836e+00 1.121149033185328916e-47
6.110223433157442763e+00 1.066308112981804274e-47
6.152620021796308514e+00 1.014431828464726377e-47
6.195310784739581855e+00 9.653385988069497697e-48
6.238297763154347919e+00 9.188600082668009369e-48
6.281583012370603569e+00 8.748396570891069348e-48
6.325168601979518357e+00 8.331321195996934144e-48
6.369056615932393584e+00 7.936020160059178963e-48
6.413249152640303485e+00 7.561231695274556869e-48
6.457748325074419427e+00 7.205778589727875411e-48
6.502556260867045523e+00 6.868561324217396623e-48
6.547675102413337278e+00 6.548551933094155236e-48
6.593107006973743189e+00 6.244788466164522577e-48
6.638854146777149801e+00 5.956369867794304753e-48
6.684918709124731961e+00 5.678480581837089210e-48
6.731302896494550936e+00 5.414541029419203672e-48
6.778008926646843513e+00 5.163890977385385033e-48
6.825039032730071398e+00 4.925810242517224453e-48
6.872395463387687364e+00 4.699621602843563043e-48
6.920080482865659022e+00 4.484687834461916455e-48
6.968096371120712895e+00 4.280409038346167129e-48
7.016445423929364544e+00 4.086220119134803106e-48
7.065129952997670770e+00 3.901588479630222748e-48
7.114152286071764308e+00 3.726011936839282453e-48
7.163514767049155907e+00 3.559016757647355645e-48
7.213219756090789581e+00 3.400155839212972414e-48
7.263269629733905219e+00 3.249007088744584554e-48
7.313666781005652595e+00 3.105171829665245373e-48
7.364413619537513611e+00 2.968273395827213531e-48
7.415512571680523024e+00 2.837955789242949786e-48
7.466966080621261881e+00 2.713882444632817301e-48
7.518776606498691173e+00 2.595735082051146339e-48
7.570946626521762646e+00 2.483212615615501212e-48
7.623478635087869826e+00 2.376030169398316807e-48
7.676375143902114395e+00 2.273918138191900039e-48
7.729638682097387914e+00 2.176621288370250372e-48
7.783271796355308858e+00 2.083897965846600437e-48
7.837277051027977670e+00 1.995519316053411354e-48
7.891657028260587126e+00 1.911268554644628366e-48
7.946414328114890679e+00 1.830940311653274509e-48
8.001551568693503924e+00 1.754339980453521405e-48
8.057071386265098667e+00 1.681283127314067172e-48
8.112976435390438112e+00 1.611594933435083140e-48
8.169269389049306440e+00 1.545109665396197952e-48
8.225952938768314127e+00 1.481670175937916948e-48
8.283029794749570129e+00 1.421127443237883284e-48
8.340502686000293764e+00 1.363340121316395063e-48
8.398374360463268573e+00 1.308174138131261834e-48
8.456647585148241220e+00 1.255502296087216382e-48
8.515325146264222766e+00 1.205203899099775009e-48
8.574409849352699453e+00 1.157164414702971739e-48
8.633904519421777835e+00 1.111275138176098324e-48
8.693812001081255403e+00 1.067432885731767443e-48
8.754135158678622020e+00 1.025539699453460220e-48
8.814876876436029463e+00 9.855025712573624429e-49
8.876040058588174020e+00 9.472331860063455463e-49
8.937627629521175621e+00 9.106476627669955875e-49
8.999642533912386000e+00 8.756663331515268984e-49
9.062087736871186294e+00 8.422135162435142255e-49
9.124966224080763411e+00 8.102173081270405167e-49
9.188281001940856285e+00 7.796093874196054592e-49
9.252035097711509337e+00 7.503248246849175288e-49
9.316231559657802919e+00 7.223019121427419490e-49
9.380873457195605170e+00 6.954819907809127887e-49
9.445963881038332843e+00 6.698092944664787747e-49
9.511505943344722880e+00 6.452308005801615615e-49
9.577502777867637818e+00 6.216960872553550366e-49
9.643957540103892612e+00 5.991572022350503654e-49
9.710873407445131278e+00 5.775685334134412685e-49
9.778253579329746259e+00 5.568866894322475769e-49
9.846101277395861828e+00 5.370703871386286423e-49
9.914419745635354886e+00 5.180803413578378282e-49
9.983212250548969990e+00 4.998791677930569177e-49
1.005248208130249488e+01 4.828702071020358754e-49
1.012223254988401777e+01 4.666760288310584665e-49
1.019246699126231981e+01 4.511204575341091768e-49
1.026318876354625864e+01 4.361761217014326957e-49
1.033440124814541505e+01 4.218169056892959648e-49
1.040610784993169524e+01 4.080178866798067242e-49
1.047831199740216412e+01 3.947552797237016974e-49
1.055101714284298176e+01 3.820063810183687734e-49
1.062422676249441267e+01 3.697495152871969358e-49
1.069794435671711241e+01 3.579639873132055564e-49
1.077217345015942129e+01 3.466300349831959404e-49
1.084691759192592109e+01 3.357287841867807106e-49
1.092218035574714108e+01 3.252422057222454874e-49
1.099796534015037253e+01 3.151530764492505992e-49
1.107427616863180120e+01 3.054449409890844893e-49
1.115111648982969150e+01 2.961020733411691411e-49
1.122848997769887447e+01 2.871094456038327831e-49
1.130640033168639569e+01 2.784526920047693921e-49
1.138485127690839782e+01 2.701180797148560043e-49
1.146384656432824833e+01 2.620924789650336788e-49
1.154338997093584673e+01 2.543633340575463218e-49
1.162348529992824453e+01 2.469186377867827619e-49
1.170413638089146957e+01 2.397469044180797858e-49
1.178534706998363824e+01 2.328371473234861810e-49
1.186712125011933594e+01 2.261788544362863152e-49
1.194946283115524999e+01 2.197619674810990607e-49
1.203237575007712579e+01 2.135768600618665042e-49
1.211586397118800207e+01 2.076143192118694562e-49
1.219993148629774993e+01 2.018655251544619840e-49
1.228458231491395480e+01 1.963220339898676525e-49
1.236982050443406855e+01 1.909757612565267080e-49
1.245565013033894708e+01 1.858189644703824350e-49
1.254207529638770424e+01 1.808442283644144011e-49
1.262910013481392113e+01 1.760444502016988847e-49
1.271672880652324622e+01 1.714128255286409409e-49
1.280496550129229583e+01 1.669428345369116336e-49
1.289381443796900939e+01 1.626282302210117329e-49
1.298327986467436013e+01 1.584630253408948589e-49
1.307336605900545834e+01 1.544414813933545296e-49
1.316407732824010424e+01 1.505580972203902400e-49
1.325541800954269256e+01 1.468075990035389566e-49
1.334739247017160935e+01 1.431849300127834842e-49
1.344000510768803558e+01 1.396852407262660959e-49
1.353326035016620388e+01 1.363038804941945582e-49
1.362716265640514379e+01 1.330363881241979308e-49
1.372171651614182508e+01 1.298784842465827086e-49
1.381692645026585531e+01 1.268260629694163822e-49
1.391279701103562694e+01 1.238751846512691386e-49
1.400933278229597434e+01 1.210220682607009519e-49
1.410653837969735847e+01 1.182630853429611779e-49
1.420441845091651878e+01 1.155947526134866195e-49
1.430297767587871505e+01 1.130137263486510711e-49
1.440222076698148790e+01 1.105167959397862480e-49
1.450215246931995594e+01 1.081008788280601034e-49
1.460277756091373114e+01 1.057630144635103475e-49
1.470410085293531743e+01 1.035003593914906751e-49
1.480612718994017740e+01 1.013101823038605962e-49
1.490886145009836561e+01 9.918985924730987718e-50
1.501230854542774473e+01 9.713686919387586020e-50
1.511647342202888744e+01 9.514878960633310031e-50
1.522136106032151126e+01 9.322329255549270877e-50
1.532697647528264007e+01 9.135814032711456938e-50
1.543332471668636963e+01 8.955118207863286959e-50
1.554041086934531712e+01 8.780035012685262851e-50
1.564824005335375823e+01 8.610365634572703151e-50
1.575681742433239485e+01 8.445918902823338249e-50
1.586614817367488683e+01 8.286510971938612911e-50
1.597623752879606585e+01 8.131965020910800842e-50
1.608709075338185457e+01 7.982110950109940722e-50
1.619871314764099068e+01 7.836785133493914574e-50
1.631111004855834778e+01 7.695830130553986890e-50
1.642428683015022273e+01 7.559094446165514366e-50
1.653824890372121104e+01 7.426432290504848296e-50
1.665300171812294039e+01 7.297703333512021783e-50
1.676855076001465861e+01 7.172772505346618972e-50
1.688490155412545590e+01 7.051509769665495801e-50
1.700205966351853704e+01 6.933789926564215696e-50
1.712003068985712417e+01 6.819492415895452656e-50
1.723882027367231728e+01 6.708501140040191043e-50
1.735843409463281262e+01 6.600704271859852729e-50
1.747887787181637265e+01 6.495994099220713565e-50
1.760015736398340280e+01 6.394266856121955790e-50
1.772227836985217664e+01 6.295422560173711387e-50
1.784524672837614645e+01 6.199364875894681270e-50
1.796906831902314394e+01 6.106000960751356892e-50
1.809374906205639988e+01 6.015241336673651650e-50
1.821929491881772734e+01 5.926999751382688281e-50
1.834571189201246710e+01 5.841193058717832866e-50
1.847300602599650787e+01 5.757741091437103141e-50
1.860118340706534568e+01 5.676566554087523692e-50
1.873025016374496232e+01 5.597594901060765079e-50
1.886021246708499532e+01 5.520754245164232287e-50
1.899107653095367709e+01 5.445975243950846270e-50
1.912284861233499456e+01 5.373191004519854557e-50
1.925553501162785963e+01 5.302336996018194068e-50
1.938914207294728342e+01 5.233350951180721261e-50
1.952367618442780639e+01 5.166172789016737412e-50
1.965914377852884698e+01 5.100744527661564105e-50
1.979555133234229203e+01 5.037010205202060677e-50
1.993290536790221168e+01 4.974915804893852185e-50
2.007121245249660646e+01 4.914409184204524822e-50
2.021047919898153822e+01 4.855440003468410834e-50
2.035071226609719020e+01 4.797959656614408760e-50
2.049191835878630386e+01 4.741921213286037943e-50
2.063410422851477577e+01 4.687279349930413199e-50
2.077727667359437191e+01 4.633990296731770692e-50
2.092144253950791111e+01 4.582011777285699698e-50
2.106660871923644152e+01 4.531302956120053865e-50
2.121278215358888275e+01 4.481824385111690314e-50
2.135996983153390261e+01 4.433537953481193745e-50
2.150817879053397164e+01 4.386406839935359334e-50
2.165741611688200052e+01 4.340395467566310157e-50
2.180768894604002384e+01 4.295469455202432406e-50
2.195900446298042752e+01 4.251595581487295904e-50
2.211136990252950341e+01 4.208741737071254719e-50
2.226479254971327393e+01 4.166876888062876349e-50
2.241927974010593871e+01 4.125971038741438166e-50
2.257483886018050612e+01 4.085995195154088875e-50
2.273147734766199335e+01 4.046921325923316620e-50
2.288920269188310286e+01 4.008722334976075807e-50
2.304802243414216534e+01 3.971372024391156224e-50
2.320794416806389648e+01 3.934845063967516422e-50
2.336897553996231380e+01 3.899116962554334070e-50
2.353112424920640322e+01 3.864164037823058203e-50
2.369439804858827614e+01 3.829963389643964740e-50
2.385880474469372459e+01 3.796492870477397146e-50
2.402435219827565405e+01 3.763731063671950206e-50
2.419104832462978294e+01 3.731657254277531332e-50
2.435890109397316294e+01 3.700251408685279937e-50
2.452791853182525017e+01 3.669494149964094547e-50
2.469810871939160180e+01 3.639366734328668861e-50
2.486947979395032249e+01 3.609851031844441118e-50
2.504203994924105814e+01 3.580929504628670500e-50
2.521579743585680333e+01 3.552585186983108571e-50
2.539076056163837691e+01 3.524801665969162750e-50
2.556693769207162603e+01 3.497563063123892901e-50
2.574433725068747236e+01 3.470854016886079831e-50
2.592296771946456246e+01 3.444659664368594694e-50
2.610283763923488465e+01 3.418965625255960486e-50
2.628395561009211789e+01 3.393757985870681596e-50
2.646633029180280161e+01 3.369023282927602648e-50
2.664997040422045060e+01 3.344748489808015471e-50
2.683488472770237721e+01 3.320920999762042012e-50
2.702108210352958650e+01 3.297528614560466132e-50
2.720857143432946046e+01 3.274559529379715454e-50
2.739736168450142983e+01 3.252002320221944727e-50
2.758746188064564109e+01 3.229845930866004909e-50
2.777888111199438370e+01 3.208079661494792539e-50
2.797162853084689971e+01 3.186693155872013447e-50
2.816571335300678314e+01 3.165676391064130378e-50
2.836114485822271192e+01 3.145019665525904762e-50
2.855793239063217115e+01 3.124713589072758598e-50
2.875608535920806474e+01 3.104749072304467242e-50
2.895561323820880162e+01 3.085117316628527207e-50
2.915652556763112102e+01 3.065809805063692630e-50
2.935883195366627163e+01 3.046818292628806583e-50
2.956254206915940230e+01 3.028134797417026270e-50
2.976766565407184473e+01 3.009751591993518050e-50
2.997421251594705538e+01 2.991661194897224845e-50
3.018219253037934635e+01 2.973856362868032720e-50
3.039161564148614758e+01 2.956330082612956137e-50
3.060249186238350916e+01 2.939075563829902908e-50
3.081483127566470870e+01 2.922086230716122207e-50
3.102864403388251446e+01 2.905355716493504598e-50
3.124394036003446828e+01 2.888877855386654710e-50
3.146073054805171409e+01 2.872646676501836994e-50
3.167902496329126549e+01 2.856656397390297830e-50
3.189883404303140679e+01 2.840901417381620638e-50
3.212016829697096654e+01 2.825376312816735332e-50
3.234303830773163213e+01 2.810075829964406611e-50
3.256745473136400904e+01 2.794994880213462321e-50
3.279342829785717583e+01 2.780128534393021498e-50
3.302096981165151846e+01 2.765472017918485011e-50
3.325009015215560737e+01 2.751020705081316547e-50
3.348080027426610883e+01 2.736770114909511097e-50
3.371311120889170354e+01 2.722715906066600656e-50
3.394703406348055807e+01 2.708853872435663999e-50
3.418258002255118555e+01 2.695179938597049252e-50
3.441976034822749142e+01 2.681690155800823133e-50
3.465858638077703091e+01 2.668380697698281559e-50
3.489906953915329524e+01 2.655247856426544392e-50
3.514122132154175659e+01 2.642288038768198409e-50
3.538505330590944453e+01 2.629497762587253215e-50
3.563057715055874297e+01 2.616873653024736805e-50
3.587780459468464045e+01 2.604412439210947815e-50
3.612674745893606598e+01 2.592110950960512719e-50
3.637741764598116134e+01 2.579966115361926863e-50
3.662982714107614868e+01 2.567974953870756067e-50
3.688398801263866744e+01 2.556134579208748834e-50
3.713991241282458589e+01 2.544442192431776421e-50
3.739761257810909711e+01 2.532895080277472939e-50
3.765710082987187235e+01 2.521490612220290887e-50
3.791838957498595164e+01 2.510226238090554960e-50
3.818149130641122468e+01 2.499099485435696948e-50
3.844641860379156384e+01 2.488107957000454905e-50
3.871318413405634118e+01 2.477249328622041924e-50
3.898180065202618039e+01 2.466521346674733603e-50
3.925228100102253848e+01 2.455921826079177816e-50
3.952463811348211919e+01 2.445448648104029297e-50
3.979888501157492442e+01 2.435099758287001431e-50
4.007503480782702354e+01 2.424873164533205521e-50
4.035310070574752928e+01 2.414766935160965792e-50
4.063309600045972303e+01 2.404779197104843492e-50
4.091503407933696224e+01 2.394908134064595133e-50
4.119892842264259514e+01 2.385151984889758966e-50
4.148479260417452963e+01 2.375509041835985773e-50
4.177264029191434958e+01 2.365977649014064647e-50
4.206248524868058780e+01 2.356556200851815255e-50
4.235434133278702973e+01 2.347243140586133288e-50
4.264822249870512394e+01 2.338036958851371284e-50
4.294414279773126708e+01 2.328936192276040422e-50
4.324211637865862912e+01 2.319939422130801680e-50
4.354215748845361134e+01 2.311045273098761795e-50
4.384428047293715025e+01 2.302252411966067231e-50
4.414849977747045529e+01 2.293559546461835894e-50
4.445482994764580553e+01 2.284965424096945098e-50
4.476328562998200056e+01 2.276468831034553723e-50
4.507388157262457895e+01 2.268068591015815937e-50
4.538663262605113857e+01 2.259763564335226824e-50
4.570155374378115454e+01 2.251552646830532314e-50
4.601865998309111916e+01 2.243434768903079531e-50
4.633796650573440701e+01 2.235408894642803073e-50
4.665948857866618482e+01 2.227474020833496398e-50
4.698324157477347285e+01 2.219629176189665862e-50
4.730924097361000236e+01 2.211873420458044908e-50
4.763750236213646616e+01 2.204205843633843198e-50
4.796804143546572874e+01 2.196625565199148425e-50
4.830087399761322331e+01 2.189131733346789474e-50
4.863601596225270640e+01 2.181723524282993316e-50
4.897348335347697201e+01 2.174400141529333064e-50
4.931329230656412221e+01 2.167160815270362053e-50
4.965545906874899629e+01 2.160004801671959321e-50
4.999999999999999289e+01 2.152931382309582477e-50
5.034693157380139894e+01 2.145939863526695873e-50
5.069627037794075619e+01 2.139029575905930624e-50
5.104803311530231724e+01 2.132199873678098751e-50
5.140223660466548239e+01 2.125450134218779010e-50
5.175889778150880716e+01 2.118779757528117645e-50
5.211803369882010628e+01 2.112188165716896209e-50
5.247966152791137517e+01 2.105674802583857262e-50
5.284379855924019154e+01 2.099239133104781340e-50
5.321046220323622578e+01 2.092880643038341367e-50
5.357966999113354944e+01 2.086598838477624381e-50
5.395143957580922489e+01 2.080393245472141230e-50
5.432578873262691133e+01 2.074263409606937194e-50
5.470273536028711447e+01 2.068208895672098751e-50
5.508229748168283635e+01 2.062229287261244648e-50
5.546449324476112963e+01 2.056324186469531481e-50
5.584934092339118195e+01 2.050493213538387469e-50
5.623685891823758709e+01 2.044736006539813553e-50
5.662706575764056538e+01 2.039052221101095014e-50
5.701998009850164806e+01 2.033441530082262443e-50
5.741562072717555054e+01 2.027903623321155208e-50
5.781400656036881713e+01 2.022438207360135455e-50
5.821515664604383034e+01 2.017045005195513607e-50
5.861909016432991848e+01 2.011723756030071079e-50
5.902582642844026850e+01 2.006474215050948029e-50
5.943538488559515542e+01 2.001296153204588665e-50
5.984778511795219202e+01 1.996189356977736667e-50
6.026304684354212071e+01 1.991153628212678965e-50
6.068118991721201638e+01 1.986188783906502323e-50
6.110223433157442230e+01 1.981294656031241821e-50
6.152620021796307270e+01 1.976471091358437427e-50
6.195310784739583454e+01 1.971717951301359198e-50
6.238297763154347564e+01 1.967035111759288282e-50
6.281583012370606411e+01 1.962422462964982255e-50
6.325168601979518002e+01 1.957879909349053008e-50
6.369056615932391452e+01 1.953407369409997116e-50
6.413249152640305795e+01 1.949004775591068714e-50
6.457748325074419427e+01 1.944672074159951653e-50
6.502556260867048366e+01 1.940409225105608684e-50
6.547675102413337811e+01 1.936216202033001477e-50
6.593107006973741591e+01 1.932092992064938743e-50
6.638854146777151755e+01 1.928039595764137085e-50
6.684918709124731606e+01 1.924056027036822706e-50
6.731302896494554489e+01 1.920142313069577815e-50
6.778008926646843690e+01 1.916298494249916611e-50
6.825039032730067845e+01 1.912524624109745346e-50
6.872395463387690029e+01 1.908820769263387847e-50
6.920080482865657245e+01 1.905187009355336386e-50
6.968096371120716981e+01 1.901623437012938592e-50
7.016445423929364722e+01 1.898130157806487580e-50
7.065129952997666862e+01 1.894707290213245854e-50
7.114152286071765730e+01 1.891354965581175327e-50
7.163514767049153420e+01 1.888073328109138823e-50
7.213219756090792600e+01 1.884862534821683173e-50
7.263269629733905219e+01 1.881722755551665887e-50
7.313666781005647977e+01 1.878654172929178574e-50
7.364413619537515387e+01 1.875656982375917258e-50
7.415512571680521603e+01 1.872731392097515180e-50
7.466966080621266144e+01 1.869877623088048449e-50
7.518776606498691706e+01 1.867095909134090404e-50
7.570946626521758560e+01 1.864386496824602684e-50
7.623478635087872135e+01 1.861749645562491320e-50
7.676375143902112086e+01 1.859185627586803114e-50
7.729638682097392177e+01 1.856694727988088030e-50
7.783271796355309391e+01 1.854277244737867510e-50
7.837277051027973584e+01 1.851933488716572093e-50
7.891657028260588902e+01 1.849663783744807474e-50
7.946414328114889258e+01 1.847468466621313266e-50
8.001551568693507477e+01 1.845347887162217211e-50
8.057071386265099022e+01 1.843302408244437990e-50
8.112976435390434915e+01 1.841332405851781460e-50
8.169269389049308927e+01 1.839438269126634523e-50
8.225952938768311640e+01 1.837620400422502914e-50
8.283029794749575103e+01 1.835879215360183425e-50
8.340502686000294830e+01 1.834215142889606155e-50
8.398374360463265020e+01 1.832628625351170662e-50
8.456647585148242285e+01 1.831120118544731261e-50
8.515325146264220280e+01 1.829690091797049261e-50
8.574409849352703361e+01 1.828339028035352522e-50
8.633904519421778900e+01 1.827067423862980231e-50
8.693812001081251140e+01 1.825875789639224246e-50
8.754135158678624862e+01 1.824764649560023858e-50
8.814876876436026976e+01 1.823734541743324533e-50
8.876040058588178283e+01 1.822786018317545030e-50
8.937627629521176686e+01 1.821919645511430640e-50
8.999642533912381737e+01 1.821136003748897047e-50
9.062087736871187360e+01 1.820435687745305893e-50
9.124966224080760924e+01 1.819819306606900225e-50
9.188281001940860904e+01 1.819287483933672594e-50
9.252035097711508627e+01 1.818840857925576540e-50
9.316231559657798300e+01 1.818480081489584845e-50
9.380873457195606591e+01 1.818205822352182335e-50
9.445963881038331067e+01 1.818018763172696911e-50
9.511505943344727143e+01 1.817919601661301675e-50
9.577502777867637462e+01 1.817909050698281166e-50
9.643957540103887993e+01 1.817987838457502935e-50
9.710873407445130567e+01 1.818156708531951090e-50
9.778253579329744127e+01 1.818416420062776043e-50
9.846101277395865736e+01 1.818767747870981187e-50
9.914419745635355241e+01 1.819211482592508022e-50
9.983212250548965017e+01 1.819748430815018388e-50
1.005248208130249452e+02 1.820379415219786259e-50
1.012223254988401777e+02 1.821105274724823723e-50
1.019246699126232016e+02 1.821926864631724715e-50
1.026318876354625900e+02 1.822845056775863057e-50
1.033440124814540866e+02 1.823860739679320241e-50
1.040610784993169489e+02 1.824974818707157073e-50
1.047831199740216306e+02 1.826188216226607811e-50
1.055101714284298140e+02 1.827501871770157055e-50
1.062422676249441338e+02 1.828916742200872291e-50
1.069794435671710602e+02 1.830433801882356039e-50
1.077217345015942129e+02 1.832054042850978128e-50
1.084691759192592002e+02 1.833778474991969092e-50
1.092218035574714037e+02 1.835608126219289496e-50
1.099796534015037253e+02 1.837544042658665306e-50
1.107427616863179480e+02 1.839587288834260547e-50
1.115111648982969115e+02 1.841738947859201120e-50
1.122848997769886807e+02 1.844000121630168424e-50
1.130640033168639604e+02 1.846371931025276064e-50
1.138485127690839818e+02 1.848855516106315715e-50
1.146384656432825437e+02 1.851452036325101980e-50
1.154338997093584709e+02 1.854162670733540458e-50
1.162348529992823813e+02 1.856988618198658205e-50
1.170413638089146957e+02 1.859931097621729148e-50
1.178534706998363788e+02 1.862991348161727822e-50
1.186712125011934233e+02 1.866170629463867271e-50
1.194946283115525034e+02 1.869470221893351440e-50
1.203237575007711939e+02 1.872891426772942645e-50
1.211586397118800136e+02 1.876435566627422829e-50
1.219993148629774993e+02 1.880103985432668242e-50
1.228458231491396191e+02 1.883898048870527329e-50
1.236982050443406962e+02 1.887819144589840361e-50
1.245565013033894104e+02 1.891868682474450642e-50
1.254207529638770353e+02 1.896048094916795085e-50
1.262910013481392184e+02 1.900358837100032485e-50
1.271672880652325262e+02 1.904802387286597675e-50
1.280496550129229547e+02 1.909380247115923427e-50
1.289381443796900157e+02 1.914093941910212922e-50
1.298327986467436119e+02 1.918945020990482871e-50
1.307336605900545976e+02 1.923935058002223741e-50
1.316407732824011134e+02 1.929065651252816684e-50
1.325541800954269434e+02 1.934338424061439040e-50
1.334739247017160153e+02 1.939755025122481549e-50
1.344000510768803451e+02 1.945317128884040497e-50
1.353326035016620494e+02 1.951026435944402537e-50
1.362716265640515019e+02 1.956884673466992215e-50
1.372171651614182508e+02 1.962893595617379361e-50
1.381692645026584785e+02 1.969054984025412233e-50
1.391279701103562729e+02 1.975370648276597474e-50
1.400933278229597363e+02 1.981842426435443588e-50
1.410653837969736628e+02 1.988472185609192138e-50
1.420441845091651771e+02 1.995261822556026430e-50
1.430297767587870794e+02 2.002213264347370269e-50
1.440222076698148612e+02 2.009328469094691773e-50
1.450215246931995523e+02 2.016609426752704724e-50
1.460277756091373931e+02 2.024058160015605831e-50
1.470410085293531779e+02 2.031676725325994705e-50
1.480612718994017030e+02 2.039467214022340583e-50
1.490886145009836525e+02 2.047431753656423986e-50
1.501230854542774296e+02 2.055572509523458197e-50
1.511647342202889490e+02 2.063891686457962019e-50
1.522136106032151304e+02 2.072391530965138232e-50
1.532697647528263190e+02 2.081074333780599010e-50
1.543332471668637140e+02 2.089942432980193325e-50
1.554041086934531677e+02 2.098998217803099608e-50
1.564824005335376569e+02 2.108244133410465435e-50
1.575681742433239378e+02 2.117682686880821162e-50
1.586614817367487831e+02 2.127316454862520945e-50
1.597623752879606513e+02 2.137148093467965986e-50
1.608709075338185528e+02 2.147180351243476367e-50
1.619871314764099282e+02 2.157416086414302018e-50
1.631111004855834778e+02 2.167858290160903539e-50
1.642428683015021704e+02 2.178510118544429481e-50
1.653824890372121104e+02 2.189374937053016456e-50
1.665300171812293968e+02 2.200456383928762128e-50
1.676855076001465932e+02 2.211758462049173206e-50
1.688490155412545448e+02 2.223285675274413921e-50
1.700205966351852851e+02 2.235043235927908282e-50
1.712003068985712559e+02 2.247037389577163927e-50
1.723882027367231728e+02 2.259275940053399214e-50
1.735843409463281262e+02 2.271769130187331330e-50
1.747887787181637407e+02 2.284531184434050612e-50
1.760015736398339357e+02 2.297583152330687322e-50
1.772227836985217664e+02 2.310958481886338877e-50
1.784524672837614503e+02 2.324714801081003097e-50
1.796906831902314536e+02 2.338961315835042492e-50
1.809374906205640059e+02 2.353930998758171672e-50
1.821929491881772094e+02 2.370206453109940812e-50
1.834571189201246852e+02 2.389632168557074123e-50
1.847300602599650858e+02 2.421008613392672204e-50
1.860118340706534639e+02 2.581346642229836221e-50
1.873025016374496374e+02 3.037126213857071468e-50
1.886021246708498609e+02 2.477275886508739067e-50
1.899107653095367994e+02 2.466295291812048397e-50
1.912284861233499385e+02 2.475656534045991197e-50
1.925553501162786176e+02 2.489288229645341818e-50
1.938914207294728271e+02 2.504498780542040351e-50
1.952367618442779644e+02 2.520536437192564737e-50
1.965914377852884911e+02 2.537127212952644513e-50
1.979555133234229061e+02 2.554153662144682269e-50
1.993290536790221097e+02 2.571559970870111927e-50
2.007121245249660717e+02 2.589317954167528015e-50
2.021047919898154817e+02 2.607413082193663370e-50
2.035071226609719020e+02 2.625838112175922647e-50
2.049191835878630457e+02 2.644589941675572689e-50
2.063410422851477790e+02 2.663667948777647425e-50
2.077727667359437476e+02 2.683073068226523225e-50
2.092144253950791892e+02 2.702807253497422598e-50
2.106660871923644152e+02 2.722873151369014336e-50
2.121278215358888133e+02 2.743273898490109479e-50
2.135996983153390261e+02 2.764012990556708628e-50
2.150817879053397235e+02 2.785094196099257394e-50
2.165741611688201260e+02 2.806521498448756400e-50
2.180768894604002526e+02 2.828299055956542053e-50
2.195900446298042823e+02 2.850431174299891104e-50
2.211136990252950341e+02 2.872922286958414078e-50
2.226479254971327464e+02 2.895776941308748708e-50
2.241927974010595221e+02 2.918999788657575718e-50
2.257483886018050612e+02 2.942595577069001181e-50
2.273147734766199335e+02 2.966569146209229058e-50
2.288920269188310215e+02 2.990925423664865131e-50
2.304802243414216605e+02 3.015669422352759708e-50
2.320794416806390643e+02 3.040806238744583818e-50
2.336897553996231522e+02 3.066341051712487700e-50
2.353112424920640535e+02 3.092279121848256248e-50
2.369439804858827756e+02 3.118625791148284531e-50
2.385880474469372530e+02 3.145386482989607185e-50
2.402435219827566755e+02 3.172566702329388892e-50
2.419104832462978152e+02 3.200172036090652862e-50
2.435890109397315086e+02 3.228208153692992385e-50
2.452791853182525017e+02 3.256680807704968561e-50
2.469810871939160108e+02 3.285595834596512977e-50
2.486947979395033599e+02 3.314959155576302418e-50
2.504203994924105814e+02 3.344776777498111284e-50
2.521579743585679125e+02 3.375054793831729120e-50
2.539076056163837620e+02 3.405799385685439074e-50
2.556693769207162745e+02 3.437016822875498951e-50
2.574433725068748231e+02 3.468713465040059610e-50
2.592296771946456033e+02 3.500895762789519297e-50
2.610283763923487186e+02 3.533570258893285863e-50
2.628395561009211860e+02 3.566743589498682923e-50
2.646633029180280232e+02 3.600422485381272090e-50
2.664997040422045984e+02 3.634613773223747844e-50
2.683488472770237649e+02 3.669324376923083152e-50
2.702108210352957371e+02 3.704561318924780648e-50
2.720857143432946259e+02 3.740331721582570043e-50
2.739736168450143055e+02 3.776642808545492651e-50
2.758746188064563967e+02 3.813501906168632246e-50
2.777888111199438299e+02 3.850916444949153991e-50
2.797162853084688550e+02 3.888893960988908636e-50
2.816571335300678243e+02 3.927442097480090528e-50
2.836114485822271263e+02 3.966568606216767251e-50
2.855793239063216902e+02 4.006281349132377265e-50
2.875608535920806617e+02 4.046588299863019887e-50
2.895561323820878670e+02 4.087497545335382937e-50
2.915652556763112102e+02 4.129017287382980953e-50
2.935883195366627092e+02 4.171155844389932448e-50
2.956254206915940017e+02 4.213921652962620904e-50
2.976766565407184544e+02 4.257323269631461934e-50
2.997421251594703904e+02 4.301369372583480245e-50
3.018219253037934777e+02 4.346068763428433955e-50
3.039161564148614616e+02 4.391430369001249502e-50
3.060249186238351058e+02 4.437463243200822191e-50
3.081483127566470444e+02 4.484176568872160691e-50
3.102864403388250025e+02 4.531579659738845216e-50
3.124394036003446899e+02 4.579681962385614717e-50
3.146073054805171409e+02 4.628493058307803809e-50
3.167902496329126620e+02 4.678022666038367991e-50
3.189883404303140537e+02 4.728280643365051238e-50
3.212016829697095091e+02 4.779276989672709915e-50
3.234303830773163213e+02 4.831021848434842464e-50
3.256745473136401188e+02 4.883525509915818125e-50
3.279342829785717299e+02 4.936798414153501237e-50
3.302096981165151988e+02 4.990851154340911575e-50
3.325009015215558748e+02 5.045694480783708266e-50
3.348080027426610741e+02 5.101339305712828386e-50
3.371311120889170638e+02 5.157796709404523755e-50
3.394703406348055523e+02 5.215077948358872550e-50
3.418258002255118981e+02 5.273194466829110596e-50
3.441976034822747579e+02 5.332157913995671274e-50
3.465858638077702949e+02 5.391980171040529411e-50
3.489906953915329382e+02 5.452673396394371614e-50
3.514122132154175802e+02 5.514250106171010583e-50
3.538505330590944027e+02 5.576723327136711340e-50
3.563057715055872450e+02 5.640106911151059194e-50
3.587780459468463619e+02 5.704416244990390756e-50
3.612674745893606314e+02 5.769670054824895225e-50
3.637741764598115992e+02 5.835895786285054147e-50
3.662982714107614584e+02 5.903149805334734134e-50
3.688398801263868449e+02 5.971627884009707489e-50
3.713991241282458873e+02 6.043007049498918486e-50
3.739761257810910138e+02 6.326026708614358990e-50
3.765710082987187093e+02 6.183033822506565757e-50
3.791838957498594596e+02 6.253788521196497758e-50
3.818149130641124316e+02 6.326667252659051358e-50
3.844641860379156242e+02 6.400776441425413579e-50
3.871318413405634260e+02 6.476007088173599985e-50
3.898180065202618039e+02 6.552342416691539714e-50
3.925228100102253848e+02 6.629786459212480872e-50
3.952463811348213767e+02 6.708349836951817957e-50
3.979888501157492442e+02 6.788045802514667496e-50
4.007503480782701786e+02 6.868888880203607711e-50
4.035310070574753354e+02 6.950894325469814770e-50
4.063309600045972161e+02 7.034077885925400460e-50
4.091503407933698213e+02 7.118455687070798718e-50
4.119892842264259230e+02 7.204044174512429834e-50
4.148479260417452679e+02 7.290860083733952705e-50
4.177264029191435384e+02 7.378920424140165371e-50
4.206248524868058780e+02 7.468242470904085869e-50
4.235434133278704962e+02 7.558843761267830364e-50
4.264822249870512110e+02 7.650742093491973219e-50
4.294414279773124008e+02 7.743955527450061633e-50
4.324211637865862485e+02 7.838502386263563450e-50
4.354215748845361418e+02 7.934401258637867031e-50
4.384428047293717441e+02 8.031671001669623070e-50
4.414849977747045386e+02 8.130330744004326626e-50
4.445482994764578280e+02 8.230399889235288829e-50
4.476328562998199914e+02 8.331898119503004957e-50
4.507388157262458321e+02 8.434845399251955212e-50
4.538663262605115847e+02 8.539261979111011219e-50
4.570155374378115312e+02 8.645168399894815089e-50
4.601865998309110068e+02 8.752585496697792511e-50
4.633796650573440843e+02 8.861534403092076780e-50
4.665948857866619051e+02 8.972036555398234396e-50
4.698324157477349559e+02 9.084113697061197758e-50
4.730924097361000236e+02 9.197787883091171277e-50
4.763750236213644484e+02 9.313081484601002965e-50
4.796804143546572732e+02 9.430017193429027526e-50
4.830087399761322331e+02 9.548618026844613941e-50
4.863601596225273056e+02 9.668907332357516707e-50
4.897348335347697343e+02 9.790908792623457051e-50
4.931329230656409663e+02 9.914646430473822617e-50
4.965545906874899629e+02 1.004014461407003445e-49
4.999999999999999432e+02 1.016742806223686558e-49
5.034693157380134494e+02 1.029652184998948621e-49
5.069627037794076045e+02 1.042745141436365123e-49
5.104803311530232008e+02 1.056024256064653975e-49
5.140223660466548381e+02 1.069492146924344843e-49
5.175889778150880147e+02 1.083151470356386988e-49
5.211803369882004517e+02 1.097004921967292076e-49
5.247966152791137802e+02 1.111055237916494247e-49
5.284379855924019012e+02 1.125305196833626223e-49
5.321046220323622720e+02 1.139757623058659791e-49
5.357966999113355087e+02 1.154415392912562054e-49
5.395143957580917231e+02 1.169281448682091668e-49
5.432578873262691559e+02 1.184358835126308753e-49
5.470273536028711305e+02 1.199650815313256511e-49
5.508229748168283777e+02 1.215161355843945153e-49
5.546449324476112679e+02 1.230898398016694461e-49
5.584934092339112794e+02 1.246950383038630125e-49
5.623685891823758993e+02 1.263155329772676642e-49
5.662706575764057106e+02 1.279434836926669508e-49
5.701998009850165090e+02 1.296065939192339495e-49
5.741562072717555338e+02 1.312939946046949481e-49
5.781400656036876171e+02 1.330054897481292469e-49
5.821515664604382891e+02 1.347413208714499012e-49
5.861909016432991848e+02 1.365018030651637097e-49
5.902582642844026850e+02 1.382872740492006874e-49
5.943538488559515827e+02 1.400980825252008247e-49
5.984778511795212808e+02 1.419345846923515448e-49
6.026304684354212213e+02 1.437971430246622838e-49
6.068118991721202065e+02 1.456861258075989211e-49
6.110223433157442514e+02 1.476019069679730766e-49
6.152620021796307128e+02 1.495448660301581425e-49
6.195310784739577912e+02 1.515153881318582308e-49
6.238297763154347422e+02 1.535138640701829278e-49
6.281583012370599590e+02 1.555406903643930758e-49
6.325168601979518144e+02 1.575962693284868482e-49
6.369056615932391878e+02 1.596810091499834502e-49
6.413249152640298689e+02 1.617953239732044893e-49
6.457748325074419427e+02 1.639396339856674043e-49
6.502556260867041829e+02 1.661143655072285639e-49
6.547675102413337527e+02 1.683199510814276089e-49
6.593107006973741591e+02 1.705568295690351837e-49
6.638854146777144933e+02 1.728254462436132727e-49
6.684918709124732459e+02 1.751262528890251666e-49
6.731302896494547667e+02 1.774597078992397282e-49
6.778008926646843975e+02 1.798262763803121762e-49
6.825039032730068129e+02 1.822264302553553834e-49
6.872395463387682639e+02 1.846606483726038438e-49
6.920080482865656677e+02 1.871294166184969965e-49
6.968096371120709591e+02 1.896332280377180908e-49
7.016445423929365006e+02 1.921725829653155924e-49
7.065129952997667715e+02 1.947479891814479683e-49
7.114152286071758908e+02 1.973599621133180643e-49
7.163514767049153988e+02 2.000090251472494966e-49
7.213219756090785495e+02 2.026957102327798586e-49
7.263269629733905504e+02 2.054205593945535638e-49
7.313666781005648545e+02 2.081841297609140788e-49
7.364413619537507429e+02 2.109870177314255275e-49
7.415512571680520750e+02 2.138300828317534312e-49
7.466966080621258470e+02 2.167592540465840870e-49
7.518776606498690853e+02 2.196374082470279585e-49
7.570946626521758844e+02 2.226021307582498011e-49
7.623478635087872135e+02 2.256096788729007880e-49
7.676375143902112086e+02 2.286600673114798413e-49
7.729638682097383935e+02 2.317538488012402924e-49
7.783271796355309107e+02 2.348916323392850613e-49
7.837277051027973584e+02 2.380740456439529344e-49
7.891657028260589186e+02 2.413017287529128683e-49
7.946414328114889258e+02 2.445753798471041155e-49
8.001551568693499803e+02 2.478955145696997911e-49
8.057071386265098454e+02 2.512629484994641132e-49
8.112976435390434062e+02 2.546783141286448587e-49
8.169269389049309211e+02 2.581423021540594602e-49
8.225952938768310787e+02 2.616556137263700683e-49
8.283029794749566008e+02 2.652189605036154983e-49
8.340502686000294261e+02 2.688330648000888947e-49
8.398374360463265020e+02 2.724986597487664442e-49
8.456647585148242570e+02 2.762164894702905369e-49
8.515325146264220848e+02 2.799873092461111516e-49
8.574409849352695119e+02 2.838118856960263465e-49
8.633904519421778332e+02 2.876909969601850218e-49
8.693812001081250855e+02 2.916254328858972883e-49
8.754135158678624293e+02 2.956159952209080504e-49
8.814876876436027260e+02 2.996634978159932248e-49
8.876040058588170041e+02 3.037687668437996837e-49
8.937627629521176686e+02 3.079326410509865729e-49
8.999642533912381168e+02 3.121559720908932984e-49
9.062087736871186507e+02 3.164396250904099930e-49
9.124966224080760639e+02 3.207844800562021244e-49
9.188281001940850956e+02 3.251914373684915799e-49
9.252035097711509479e+02 3.296614571570825255e-49
9.316231559657798016e+02 3.341969323130646083e-49
9.380873457195606306e+02 3.387945391752576726e-49
9.445963881038330783e+02 3.434583669569456089e-49
9.511505943344717480e+02 3.481895075000572006e-49
9.577502777867638315e+02 3.529884138765792787e-49
9.643957540103887141e+02 3.578560411288679296e-49
9.710873407445130852e+02 3.627933870724916030e-49
9.778253579329743843e+02 3.678014696610869493e-49
9.846101277395855504e+02 3.728813237362849435e-49
9.914419745635356094e+02 3.780340004421638894e-49
9.983212250548965585e+02 3.832605672225985607e-49
1.005248208130249395e+03 3.885621079882857190e-49
1.012223254988401777e+03 3.939397233445220447e-49
1.019246699126230965e+03 3.993945308462708885e-49
1.026318876354625900e+03 4.049276652672936276e-49
1.033440124814540923e+03 4.105402788794851887e-49
1.040610784993169545e+03 4.162335417395404524e-49
1.047831199740216334e+03 4.220086419832148325e-49
1.055101714284297032e+03 4.278667861272488430e-49
1.062422676249441338e+03 4.338091993811671431e-49
1.069794435671710517e+03 4.398371259742464861e-49
1.077217345015942101e+03 4.459518295115190634e-49
1.084691759192592144e+03 4.521545934018087697e-49
1.092218035574712985e+03 4.584467215146267553e-49
1.099796534015037196e+03 4.648295398045192519e-49
1.107427616863179537e+03 4.713044042435649740e-49
1.115111648982969200e+03 4.778728141059717313e-49
1.122848997769886864e+03 4.845375550287969270e-49
1.130640033168638411e+03 4.912948877756423701e-49
1.138485127690839818e+03 4.981516591008343389e-49
1.146384656432824158e+03 5.051075402353953530e-49
1.154338997093584794e+03 5.121639739142235399e-49
1.162348529992823842e+03 5.193224532355903042e-49
1.170413638089145707e+03 5.265844984363788379e-49
1.178534706998363845e+03 5.339516545146787475e-49
1.186712125011933040e+03 5.414254910445852602e-49
1.194946283115524921e+03 5.490076024125888008e-49
1.203237575007711939e+03 5.566996081690576851e-49
1.211586397118798914e+03 5.645031534217161401e-49
1.219993148629774851e+03 5.724199092485960624e-49
1.228458231491394827e+03 5.804515731239251576e-49
1.236982050443406933e+03 5.885998693546953152e-49
1.245565013033894047e+03 5.968665495287194048e-49
1.254207529638769074e+03 6.052533929786911421e-49
1.262910013481392070e+03 6.137622072781461890e-49
1.271672880652324011e+03 6.223948288226537226e-49
1.280496550129229490e+03 6.311531237310817141e-49
1.289381443796900385e+03 6.400389905255933053e-49
1.298327986467434812e+03 6.490543830904568929e-49
1.307336605900545919e+03 6.582421204617824123e-49
1.316407732824009827e+03 6.674814097395581920e-49
1.325541800954269320e+03 6.768970415104022592e-49
1.334739247017160324e+03 6.864502131907844324e-49
1.344000510768802087e+03 6.961429731563166196e-49
1.353326035016620381e+03 7.059774328728544098e-49
1.362716265640513711e+03 7.159557403476227142e-49
1.372171651614182565e+03 7.260800782779466601e-49
1.381692645026584842e+03 7.363526641340884935e-49
1.391279701103562729e+03 7.467757505667797229e-49
1.400933278229597590e+03 7.573516258962726359e-49
1.410653837969735150e+03 7.680826146271778288e-49
1.420441845091651885e+03 7.789710779748565492e-49
1.430297767587870794e+03 7.900194143993482667e-49
1.440222076698148840e+03 8.012300601505823199e-49
1.450215246931995580e+03 8.126054898446154572e-49
1.460277756091372339e+03 8.241482171530890589e-49
1.470410085293531665e+03 8.358607960648344239e-49
1.480612718994017087e+03 8.477458271087563254e-49
1.490886145009836582e+03 8.598062047081941335e-49
1.501230854542774523e+03 8.720438140948667138e-49
1.511647342202888012e+03 8.844620535726471065e-49
1.522136106032151247e+03 8.970635705066231919e-49
1.532697647528263133e+03 9.098511117377490954e-49
1.543332471668637027e+03 9.228275152424279954e-49
1.554041086934531677e+03 9.359956652061953463e-49
1.564824005335374977e+03 9.493584899190145888e-49
1.575681742433239378e+03 9.629189617611333126e-49
1.586614817367487831e+03 9.766800974587619762e-49
1.597623752879606627e+03 9.906449583752374888e-49
1.608709075338185585e+03 1.004816650785886624e-48
1.619871314764097406e+03 1.019198326124897410e-48
1.631111004855834835e+03 1.033793181207244377e-48
1.642428683015021534e+03 1.048604458471588518e-48
1.653824890372120990e+03 1.063635446515802853e-48
1.665300171812294138e+03 1.078889483541042347e-48
1.676855076001464113e+03 1.094370091976264405e-48
1.688490155412545391e+03 1.110080267639300747e-48
1.700205966351852794e+03 1.126023835131895408e-48
1.712003068985712616e+03 1.142204271118777027e-48
1.723882027367231785e+03 1.158625098289594325e-48
1.735843409463279386e+03 1.175289916522367782e-48
1.747887787181637350e+03 1.192202370834487543e-48
1.760015736398339186e+03 1.209366148880559002e-48
1.772227836985217436e+03 1.226784979684227944e-48
1.784524672837614617e+03 1.244462632381701045e-48
1.796906831902312661e+03 1.262402914807629613e-48
1.809374906205639945e+03 1.280609671878784828e-48
1.821929491881772037e+03 1.299086783769130106e-48
1.834571189201246852e+03 1.317838163976741220e-48
1.847300602599651029e+03 1.336867758269247533e-48
1.860118340706532763e+03 1.356179570206911422e-48
1.873025016374496317e+03 1.375777560496687482e-48
1.886021246708498438e+03 1.395665630039000413e-48
1.899107653095367823e+03 1.415848002917534045e-48
1.912284861233499214e+03 1.436328655811894878e-48
1.925553501162784187e+03 1.457111640124685135e-48
1.938914207294728385e+03 1.478201011286927967e-48
1.952367618442779758e+03 1.499600820505700766e-48
1.965914377852884854e+03 1.521315107425650475e-48
1.979555133234229061e+03 1.543347892170395449e-48
1.993290536790218994e+03 1.565703166526519794e-48
2.007121245249660660e+03 1.588384884173515041e-48
2.021047919898152713e+03 1.611396949990017295e-48
2.035071226609719133e+03 1.634743209681670060e-48
2.049191835878630627e+03 1.658427507247800083e-48
2.063410422851475687e+03 1.682453294182424337e-48
2.077727667359437419e+03 1.706824334067064338e-48
2.092144253950789789e+03 1.731544050091273973e-48
2.106660871923644208e+03 1.756615725908664509e-48
2.121278215358888247e+03 1.782042493275345687e-48
2.135996983153388101e+03 1.807827291128879536e-48
2.150817879053397064e+03 1.833972836601115741e-48
2.165741611688199100e+03 1.860481593627012101e-48
2.180768894604002526e+03 1.887355738212426557e-48
2.195900446298042880e+03 1.914597119945049375e-48
2.211136990252948181e+03 1.942207219579544626e-48
2.226479254971327464e+03 1.970187106199571283e-48
2.241927974010592607e+03 1.998538982631627378e-48
2.257483886018050725e+03 2.027258042967484451e-48
2.273147734766199392e+03 2.056348636881741491e-48
2.288920269188307884e+03 2.085807948885134497e-48
2.304802243414216719e+03 2.115634032884732428e-48
2.320794416806388199e+03 2.145824108903952936e-48
2.336897553996231636e+03 2.176374460343904337e-48
2.353112424920640478e+03 2.207280322409305685e-48
2.369439804858825028e+03 2.238535758121236421e-48
2.385880474469372530e+03 2.270133520329536162e-48
2.402435219827564197e+03 2.302064898695855964e-48
2.419104832462978266e+03 2.334319570990456060e-48
2.435890109397314973e+03 2.366885299495373953e-48
2.452791853182522573e+03 2.399747887714041122e-48
2.469810871939159824e+03 2.432890881551060784e-48
2.486947979395030870e+03 2.466295222038863714e-48
2.504203994924105700e+03 2.499939029184799747e-48
2.521579743585678898e+03 2.533797252019202104e-48
2.539076056163837620e+03 2.567841298332569953e-48
2.556693769207162859e+03 2.602038622082142598e-48
2.574433725068745844e+03 2.636352263089975887e-48
2.592296771946456374e+03 2.670740334853633631e-48
2.610283763923487186e+03 2.705155628468805977e-48
2.628395561009212088e+03 2.739544055484332455e-48
2.646633029180280118e+03 2.773845780706364811e-48
2.664997040422043483e+03 2.807992602590205291e-48
2.683488472770237877e+03 2.841907955042608851e-48
2.702108210352957030e+03 2.875505768549843750e-48
2.720857143432946032e+03 2.908689378740545412e-48
2.739736168450142941e+03 2.941350323936254224e-48
2.758746188064561011e+03 2.973367018699678112e-48
2.777888111199438299e+03 3.004603296433614961e-48
2.797162853084688322e+03 3.034907086395192831e-48
2.816571335300678584e+03 3.064107256079913874e-48
2.836114485822271490e+03 3.092014565777075657e-48
2.855793239063214060e+03 3.118416804905773762e-48
2.875608535920806389e+03 3.143078018479608713e-48
2.895561323820878897e+03 3.165735963671831071e-48
2.915652556763111988e+03 3.186099742217737603e-48
2.935883195366627206e+03 3.203847400925709412e-48
2.956254206915937175e+03 3.218623566272138050e-48
2.976766565407184771e+03 3.230037230681987425e-48
2.997421251594703790e+03 3.237659659877984255e-48
3.018219253037934777e+03 3.241023043950852344e-48
3.039161564148614616e+03 3.239619514176025243e-48
3.060249186238348102e+03 3.232901176997284735e-48
3.081483127566470557e+03 3.220281560122119495e-48
3.102864403388249684e+03 3.201138738607506570e-48
3.124394036003446672e+03 3.174820757946267656e-48
3.146073054805171523e+03 3.140653949994613096e-48
3.167902496329123551e+03 3.097954953360626367e-48
3.189883404303140651e+03 3.046046157592671176e-48
3.212016829697095091e+03 2.984278304545536289e-48
3.234303830773163099e+03 2.912055797810551480e-48
3.256745473136400960e+03 2.828870097147553407e-48
3.279342829785714002e+03 2.734338308640540893e-48
3.302096981165152101e+03 2.628247334316257427e-48
3.325009015215558520e+03 2.510602167158979745e-48
3.348080027426610741e+03 2.381676078710731430e-48
3.371311120889170525e+03 2.242059151715150828e-48
3.394703406348052340e+03 2.092701190050646717e-48
3.418258002255118754e+03 1.934942920577829273e-48
3.441976034822747806e+03 1.770530054898998708e-48
3.465858638077703290e+03 1.601604590730474913e-48
3.489906953915329723e+03 1.430668753812694881e-48
3.514122132154172050e+03 1.260519510999868666e-48
3.538505330590944141e+03 1.094154746590124535e-48
3.563057715055871995e+03 9.346552781381731095e-49
3.587780459468463505e+03 7.850529540490906387e-49
3.612674745893606541e+03 6.481930746806180634e-49
3.637741764598112240e+03 5.266066394835423209e-49
3.662982714107614811e+03 4.224027192799107784e-49
3.688398801263864698e+03 3.371909405009002932e-49
3.713991241282458759e+03 2.720396570791067891e-49
3.739761257810910138e+03 2.274708877347219352e-49
3.765710082987183341e+03 2.034887866480261575e-49
3.791838957498594937e+03 1.996356237667408547e-49
3.818149130641120337e+03 2.150659471745100237e-49
3.844641860379156242e+03 2.486311548701619128e-49
3.871318413405634146e+03 2.989656960273810333e-49
3.898180065202614060e+03 3.645686303542544539e-49
3.925228100102254302e+03 4.438759426396251179e-49
3.952463811348209674e+03 5.353208809894933330e-49
3.979888501157492556e+03 6.373818064347855146e-49
4.007503480782701899e+03 7.486170452630155991e-49
4.035310070574748806e+03 8.676888529591474706e-49
4.063309600045972275e+03 9.933775858931257686e-49
4.091503407933694234e+03 1.124588125102161901e-48
4.119892842264259343e+03 1.260350267767761113e-48
4.148479260417452679e+03 1.399814891992530349e-48
4.177264029191431291e+03 1.542247003867708489e-48
4.206248524868058666e+03 1.687017028961229694e-48
4.235434133278700756e+03 1.833591124480066968e-48
4.264822249870511769e+03 1.981521165419664607e-48
4.294414279773124690e+03 2.130434904147890146e-48
4.324211637865858393e+03 2.280026404193941860e-48
4.354215748845361304e+03 2.430047592845198988e-48
4.384428047293712552e+03 2.580299920132993940e-48
4.414849977747045159e+03 2.730627297606689954e-48
4.445482994764578507e+03 2.880909628513961278e-48
4.476328562998200141e+03 3.031057730096080155e-48
4.507388157262457753e+03 3.181005310552732717e-48
4.538663262605111413e+03 3.330710716970519209e-48
4.570155374378115084e+03 3.480147081957713916e-48
4.601865998309110182e+03 3.629302117273116875e-48
4.633796650573441184e+03 3.778174704209631342e-48
4.665948857866618710e+03 3.926772499816267569e-48
4.698324157477344670e+03 4.075109773456481603e-48
4.730924097361000349e+03 4.223205810238562455e-48
4.763750236213644712e+03 4.371083184275973822e-48
4.796804143546572959e+03 4.518766523747380840e-48
4.830087399761322558e+03 4.666281336540000381e-48
4.863601596225267713e+03 4.813652992261733721e-48
4.897348335347696775e+03 4.960905834434614739e-48
4.931329230656409891e+03 5.108062375032262218e-48
4.965545906874899629e+03 5.255142563920014386e-48
4.999999999999999091e+03 5.402163119739855309e-48
