1.000000e+00 6.045529009000000408e-31
1.009300e+00 5.221507600000000642e-31
1.018600e+00 4.510062648999999545e-31
1.028000e+00 3.895507396000000371e-31
1.037600e+00 3.364812048999999932e-31
1.047200e+00 2.906503743999999905e-31
1.056900e+00 2.510711448999999728e-31
1.066700e+00 2.168764899999999607e-31
1.076500e+00 1.873504656000000034e-31
1.086500e+00 1.618452900000000050e-31
1.096600e+00 1.398161664000000067e-31
1.106700e+00 1.207910025000000084e-31
1.117000e+00 1.043548416000000131e-31
1.127300e+00 9.016207289999999567e-32
1.137800e+00 7.789680999999999196e-32
1.148300e+00 6.730392490000000106e-32
1.158900e+00 5.815332249999999684e-32
1.169700e+00 5.024770559999999205e-32
1.180500e+00 4.341805689999999793e-32
1.191500e+00 3.751968999999999938e-32
1.202500e+00 3.242160360000000517e-32
1.213600e+00 2.801606439999999708e-32
1.224900e+00 2.421136000000000159e-32
1.236200e+00 2.092362249999999710e-32
1.247700e+00 1.808487039999999919e-32
1.259200e+00 1.563000040000000305e-32
1.270900e+00 1.350941289999999901e-32
1.282600e+00 1.167696359999999964e-32
1.294500e+00 1.009221159999999899e-32
1.306500e+00 8.723746801000001019e-33
1.318600e+00 7.541011921000000323e-33
1.330800e+00 6.518947599999998642e-33
1.343200e+00 5.635655040999999442e-33
1.355600e+00 4.872179600999999805e-33
1.368200e+00 4.212269603999999964e-33
1.380800e+00 3.642001801000000506e-33
1.393600e+00 3.149005456000000296e-33
1.406500e+00 2.722856761000000339e-33
1.419600e+00 2.354481529000000149e-33
1.432700e+00 2.035994883999999824e-33
1.446000e+00 1.760725520999999938e-33
1.459400e+00 1.522716484000000078e-33
1.472900e+00 1.316964100000000025e-33
1.486500e+00 1.138995001000000064e-33
1.500300e+00 9.852065440000000011e-34
1.514200e+00 8.521728640000000989e-34
1.528200e+00 7.371768009999999544e-34
1.542400e+00 6.377140089999999764e-34
1.556700e+00 5.516861439999999774e-34
1.571100e+00 4.772914090000000663e-34
1.585600e+00 4.129836840000000245e-34
1.600300e+00 3.573234089999999458e-34
1.615100e+00 3.091970560000000393e-34
1.630100e+00 2.675514489999999961e-34
1.645200e+00 2.315570890000000534e-34
1.660400e+00 2.003923360000000405e-34
1.675800e+00 1.734489000000000105e-34
1.691300e+00 1.501115040000000161e-34
1.707000e+00 1.299372010000000139e-34
1.722800e+00 1.124872360000000006e-34
1.738800e+00 9.738729224999998122e-35
1.754900e+00 8.431646975999999965e-35
1.771100e+00 7.300506249000000429e-35
1.787500e+00 6.321681080999999913e-35
1.804100e+00 5.474668080999999322e-35
1.820800e+00 4.742112769000000154e-35
1.837700e+00 4.109194608999999541e-35
1.854700e+00 3.567075625000000567e-35
1.871900e+00 3.226126401000000032e-35
1.889200e+00 2.722021928999999920e-35
1.906700e+00 2.318807715999999944e-35
1.924400e+00 2.005158840999999944e-35
1.942200e+00 1.736305560999999746e-35
1.960200e+00 1.504121088999999647e-35
1.978300e+00 1.303209999999999909e-35
1.996600e+00 1.129363236000000021e-35
2.015100e+00 9.787512249999999942e-36
2.033800e+00 8.483238759999998619e-36
2.052600e+00 7.353316889999999640e-36
2.071600e+00 6.374615039999998677e-36
2.090800e+00 5.526730809999999426e-36
2.110200e+00 4.792158810000000417e-36
2.129700e+00 4.155482249999999626e-36
2.149500e+00 3.603542890000000669e-36
2.169400e+00 3.125470410000000419e-36
2.189500e+00 2.710962250000000324e-36
2.209800e+00 2.351622249999999879e-36
2.230200e+00 2.040040889999999845e-36
2.250900e+00 1.769964160000000257e-36
2.271700e+00 1.535864489999999944e-36
2.292800e+00 1.332639359999999913e-36
2.314000e+00 1.156700249999999972e-36
2.335400e+00 1.003803610000000020e-36
2.357100e+00 8.714222500000001193e-37
2.378900e+00 7.564998529000000339e-37
2.400900e+00 6.568129935999999705e-37
2.423200e+00 5.703119361000000305e-37
2.445600e+00 4.952499875999999384e-37
2.468300e+00 4.301261056000000453e-37
2.491100e+00 3.736021128999999445e-37
2.514200e+00 3.245353023999999697e-37
2.537500e+00 2.819397604000000462e-37
2.561000e+00 2.449755024999999947e-37
2.584700e+00 2.128715044000000418e-37
2.608700e+00 1.849946121000000160e-37
2.632800e+00 1.607929800999999870e-37
2.657200e+00 1.397712996000000085e-37
2.681800e+00 1.215080164000000016e-37
2.706700e+00 1.056510015999999940e-37
2.731700e+00 9.186961000000000018e-38
2.757000e+00 7.989667560000000964e-38
2.782600e+00 6.949023210000000800e-38
2.808300e+00 6.045205689999999182e-38
2.834300e+00 5.259224889999999716e-38
2.860600e+00 4.575748810000000187e-38
2.887100e+00 3.982020250000000021e-38
2.913800e+00 3.465554559999999816e-38
2.940800e+00 3.016474239999999846e-38
2.968100e+00 2.626020250000000342e-38
2.995500e+00 2.286446409999999823e-38
3.023300e+00 1.990920999999999797e-38
3.051300e+00 1.733962240000000141e-38
3.079600e+00 1.510195210000000126e-38
3.108100e+00 1.315609000000000016e-38
3.136900e+00 1.146184359999999956e-38
3.165900e+00 9.988403364000000166e-39
3.195200e+00 8.704890000000000480e-39
3.224800e+00 7.587281025000000910e-39
3.254700e+00 6.614243583999999226e-39
3.284900e+00 5.766883599999999833e-39
3.315300e+00 5.028795395999999514e-39
3.346000e+00 4.385883076000000437e-39
3.377000e+00 3.825669904000000584e-39
3.408300e+00 3.337603983999999698e-39
3.439800e+00 2.912221225000000058e-39
3.471700e+00 2.541571396000000199e-39
3.503800e+00 2.218315801000000015e-39
3.536300e+00 1.936616048999999857e-39
3.569000e+00 1.690936641000000106e-39
3.602100e+00 1.476634328999999756e-39
3.635500e+00 1.289815396000000247e-39
3.669100e+00 1.126743489000000037e-39
3.703100e+00 9.845161289999998649e-40
3.737400e+00 8.604248889999999120e-40
3.772000e+00 7.521306250000001447e-40
3.807000e+00 6.575634489999999516e-40
3.842200e+00 5.749924409999999587e-40
3.877800e+00 5.029254760000000122e-40
3.913700e+00 4.399925760000000265e-40
3.950000e+00 3.850228839999999932e-40
3.986600e+00 3.369794489999999851e-40
4.023500e+00 2.950149760000000191e-40
4.060800e+00 2.583413289999999749e-40
4.098400e+00 2.262918489999999669e-40
4.136300e+00 1.982745610000000093e-40
4.174700e+00 1.737651240000000238e-40
4.213300e+00 1.523249640000000087e-40
4.252300e+00 1.335873640000000032e-40
4.291700e+00 1.171806249999999853e-40
4.331500e+00 1.028398810000000059e-40
4.371600e+00 9.026900100000000426e-41
4.412100e+00 7.927053156000000410e-41
4.453000e+00 6.964069401000000763e-41
4.494200e+00 6.120558755999998981e-41
4.535800e+00 5.381542880999999993e-41
4.577800e+00 4.733990416000001340e-41
4.620200e+00 4.166444304000000111e-41
4.663000e+00 3.668724899999999419e-41
4.706200e+00 3.232263608999999653e-41
4.749800e+00 2.849317640999999832e-41
4.793800e+00 2.513317689000000061e-41
4.838200e+00 2.218315800999999811e-41
4.883000e+00 1.959213168999999895e-41
4.928200e+00 1.731724995999999999e-41
4.973900e+00 1.531704768999999779e-41
5.020000e+00 1.355933329000000263e-41
5.066500e+00 1.201384921000000132e-41
5.113400e+00 1.065304320999999996e-41
5.160700e+00 9.455625000000000749e-42
5.208500e+00 8.401302249999999726e-42
5.256800e+00 7.472022249999999519e-42
5.305500e+00 6.653304359999999775e-42
5.354600e+00 5.930686089999999940e-42
5.404200e+00 5.292760360000000443e-42
5.454300e+00 4.729755040000000049e-42
5.504800e+00 4.232071840000000132e-42
5.555800e+00 3.791977289999999550e-42
5.607200e+00 3.402549160000000493e-42
5.659200e+00 3.057252250000000257e-42
5.711600e+00 2.751617440000000011e-42
5.764500e+00 2.480310010000000077e-42
5.817900e+00 2.239212959999999653e-42
5.871800e+00 2.025213609999999921e-42
5.926200e+00 1.834670249999999770e-42
5.981000e+00 1.665132159999999972e-42
6.036400e+00 1.513638089999999859e-42
6.092300e+00 1.378745640000000029e-42
6.148800e+00 1.257986560000000191e-42
6.205700e+00 1.150041759999999900e-42
6.263200e+00 1.053291690000000194e-42
6.321200e+00 9.663479808999998348e-43
6.379800e+00 8.883251000999998563e-43
6.438900e+00 8.181202500000001413e-43
6.498500e+00 7.548481923999998264e-43
6.558700e+00 6.977427961000000875e-43
6.619400e+00 6.461265924000000736e-43
6.680700e+00 5.993856400000000323e-43
6.742600e+00 5.569935423999999598e-43
6.805100e+00 5.184864036000000056e-43
6.868100e+00 4.834420900000000149e-43
6.931700e+00 4.514899248999999728e-43
6.995900e+00 4.223180195999999585e-43
7.060700e+00 3.956410000000000376e-43
7.126100e+00 3.711855625000000391e-43
7.192100e+00 3.487493025000000423e-43
7.258700e+00 3.281112960999999506e-43
7.326000e+00 3.091137603999999779e-43
7.393800e+00 2.915892001000000226e-43
7.462300e+00 2.753940483999999912e-43
7.531400e+00 2.604060900000000516e-43
7.601200e+00 2.465122500000000326e-43
7.671600e+00 2.336272225000000095e-43
7.742600e+00 2.216432240999999626e-43
7.814400e+00 2.104882640999999640e-43
7.886700e+00 2.000951824000000523e-43
7.959800e+00 1.904013224999999894e-43
8.033500e+00 1.770305625000000198e-43
8.107900e+00 1.684117443999999815e-43
8.183000e+00 1.603121520999999771e-43
8.258800e+00 1.527090084000000064e-43
8.335300e+00 1.455651408999999878e-43
8.412500e+00 1.388382120999999905e-43
8.490400e+00 1.325032801000000091e-43
8.569100e+00 1.265224899999999860e-43
8.648400e+00 1.208883360999999876e-43
8.728500e+00 1.155592035999999973e-43
8.809400e+00 1.105363009000000083e-43
8.891000e+00 1.057745528999999974e-43
8.973300e+00 1.012830625000000160e-43
9.056400e+00 9.702602010000000493e-44
9.140300e+00 9.299450250000001629e-44
9.225000e+00 8.918584959999998870e-44
9.310400e+00 8.557380090000000132e-44
9.396600e+00 8.215675690000000454e-44
9.483700e+00 7.892728359999999668e-44
9.571500e+00 7.587270249999999370e-44
9.660200e+00 7.298642560000000194e-44
9.749600e+00 7.026210489999998910e-44
9.840000e+00 6.769883609999999464e-44
9.931100e+00 6.528536010000001133e-44
1.002300e+01 6.303112360000001091e-44
1.011600e+01 6.056521000000000969e-44
1.021000e+01 5.819673760000000280e-44
1.030400e+01 5.594171039999999963e-44
1.040000e+01 5.374978559999999615e-44
1.049600e+01 5.166074409999999331e-44
1.059300e+01 4.964875239999999896e-44
1.069100e+01 4.771603359999999310e-44
1.079000e+01 4.585593959999999948e-44
1.089000e+01 4.406640639999999730e-44
1.099100e+01 4.234540840000000337e-44
1.109300e+01 4.069095839999999743e-44
1.119600e+01 3.910110759999999687e-44
1.129900e+01 3.758557689999999345e-44
1.140400e+01 3.611520159999999725e-44
1.151000e+01 3.470396409999999899e-44
1.161600e+01 3.335736959999999954e-44
1.172400e+01 3.205174090000000448e-44
1.183200e+01 3.081078089999999736e-44
1.194200e+01 2.960464359999999925e-44
1.205300e+01 2.844619560000000097e-44
1.216400e+01 2.734392959999999859e-44
1.227700e+01 2.627316809999999786e-44
1.239100e+01 2.524603209999999925e-44
1.250500e+01 2.426740839999999976e-44
1.262100e+01 2.332034409999999829e-44
1.273800e+01 2.241009000000000038e-44
1.285600e+01 2.153556250000000046e-44
1.297500e+01 2.069857689999999892e-44
1.309500e+01 1.989228159999999882e-44
1.321700e+01 1.911029760000000271e-44
1.333900e+01 1.836838090000000272e-44
1.346300e+01 1.764912249999999683e-44
1.358700e+01 1.696506249999999738e-44
1.371300e+01 1.630218239999999981e-44
1.384000e+01 1.566752889999999675e-44
1.396800e+01 1.505774410000000144e-44
1.409800e+01 1.446727840000000123e-44
1.422800e+01 1.390512640000000117e-44
1.436000e+01 1.336336000000000231e-44
1.449300e+01 1.284142239999999930e-44
1.462700e+01 1.234098810000000230e-44
1.476300e+01 1.185920999999999996e-44
1.490000e+01 1.139556250000000132e-44
1.503800e+01 1.095162250000000141e-44
1.517700e+01 1.052470809999999910e-44
1.531700e+01 1.011633640000000103e-44
1.545900e+01 9.721762801000000454e-45
1.560200e+01 9.343155599999999475e-45
1.574700e+01 8.977562500000000382e-45
1.589300e+01 8.627251689000000866e-45
1.604000e+01 8.291195135999999442e-45
1.618900e+01 7.966990563999998819e-45
1.633900e+01 7.656249999999999815e-45
1.649000e+01 7.358379961000000537e-45
1.664300e+01 7.070959921000001007e-45
1.679700e+01 6.795529225000001315e-45
1.695200e+01 6.531549123999999276e-45
1.710900e+01 6.276917529000000077e-45
1.726800e+01 6.031386244000000547e-45
1.742800e+01 5.796081424000000385e-45
1.758900e+01 5.570681768999999849e-45
1.775200e+01 5.353263556000000207e-45
1.791700e+01 5.143901841000000274e-45
1.808200e+01 4.944480488999999452e-45
1.825000e+01 4.751069184000000739e-45
1.841900e+01 4.565840040999999394e-45
1.859000e+01 4.387472643999999325e-45
1.876200e+01 4.216554225000000348e-45
1.893600e+01 4.051959024999999325e-45
1.911100e+01 3.894259216000000142e-45
1.928800e+01 3.742380625000000816e-45
1.946700e+01 3.596161023999999508e-45
1.964700e+01 3.456264099999999881e-45
1.982900e+01 3.321447423999999229e-45
2.001200e+01 3.170816099999999418e-45
2.019800e+01 3.042184335999999413e-45
2.038500e+01 2.919673155999999490e-45
2.057400e+01 2.802961248999999588e-45
2.076400e+01 2.691638160999999880e-45
2.095700e+01 2.585620801000000070e-45
2.115100e+01 2.484424335999999672e-45
2.134700e+01 2.387983689000000081e-45
2.154400e+01 2.295943056000000069e-45
2.174400e+01 2.208248063999999944e-45
2.194500e+01 2.124564648999999913e-45
2.214900e+01 2.044667524000000273e-45
2.235400e+01 1.968519423999999973e-45
2.256100e+01 1.895905763999999831e-45
2.277000e+01 1.826622120999999881e-45
2.298100e+01 1.760557680999999824e-45
2.319300e+01 1.697687209000000203e-45
2.340800e+01 1.637739960999999684e-45
2.362500e+01 1.580698564000000079e-45
2.384400e+01 1.526386760999999806e-45
2.406500e+01 1.474790409000000081e-45
2.428800e+01 1.425742081000000063e-45
2.451300e+01 1.379305321000000131e-45
2.474000e+01 1.335244680999999937e-45
2.496900e+01 1.293697023999999841e-45
2.520000e+01 1.254505561000000047e-45
2.543300e+01 1.199929600000000001e-45
2.566900e+01 1.147583376000000169e-45
2.590700e+01 1.097530640999999865e-45
2.614700e+01 1.049759999999999918e-45
2.638900e+01 1.004065969000000182e-45
2.663300e+01 9.603800999999998402e-46
2.688000e+01 9.185142490000000221e-46
2.712900e+01 8.785295999999999856e-46
2.738000e+01 8.403041440000000387e-46
2.763400e+01 8.036091040000001436e-46
2.789000e+01 7.686201760000000652e-46
2.814800e+01 7.351689960000000343e-46
2.840900e+01 7.031512890000001169e-46
2.867200e+01 6.725204889999999796e-46
2.893800e+01 6.431803209999999548e-46
2.920600e+01 6.151888090000000684e-46
2.947600e+01 5.884020489999999597e-46
2.974900e+01 5.627807289999999614e-46
3.002500e+01 5.382399999999999683e-46
3.030300e+01 5.147907209999999909e-46
3.058300e+01 4.924404809999999472e-46
3.086700e+01 4.709334010000000372e-46
3.115300e+01 4.504157290000000033e-46
3.144100e+01 4.308530490000000586e-46
3.173200e+01 4.120900000000000450e-46
3.202600e+01 3.941416089999999907e-46
3.232300e+01 3.769422249999999871e-46
3.262200e+01 3.605441440000000696e-46
3.292400e+01 3.448448999999999529e-46
3.322900e+01 3.298219209999999569e-46
3.353700e+01 3.154531210000000064e-46
3.384800e+01 3.016821609999999891e-46
3.416100e+01 2.885921440000000265e-46
3.447800e+01 2.759917690000000263e-46
3.479700e+01 2.639650089999999898e-46
3.511900e+01 2.524920999999999853e-46
3.544500e+01 2.414605210000000150e-46
3.577300e+01 2.309488090000000207e-46
3.610400e+01 2.209087689999999633e-46
3.643900e+01 2.112662250000000480e-46
3.677600e+01 2.020946559999999753e-46
3.711700e+01 1.932656040000000463e-46
3.746100e+01 1.848512159999999711e-46
3.780700e+01 1.768102090000000338e-46
3.815800e+01 1.691040160000000196e-46
3.851100e+01 1.617475240000000012e-46
3.886800e+01 1.547038439999999870e-46
3.922800e+01 1.479628959999999999e-46
3.959100e+01 1.415148160000000061e-46
3.995800e+01 1.353499559999999929e-46
4.032800e+01 1.314232959999999971e-46
4.070100e+01 1.275770250000000023e-46
4.107800e+01 1.238546409999999951e-46
4.145900e+01 1.202531559999999925e-46
4.184300e+01 1.167480249999999903e-46
4.223000e+01 1.133799040000000157e-46
4.262200e+01 1.100820639999999999e-46
4.301600e+01 1.068949210000000076e-46
4.341500e+01 1.038157210000000086e-46
4.381700e+01 1.008417640000000025e-46
4.422300e+01 9.796644483999999642e-47
4.463200e+01 9.517368249000000681e-47
4.504600e+01 9.247514895999999312e-47
4.546300e+01 8.986660803999999528e-47
4.588400e+01 8.735706225000000397e-47
4.630900e+01 8.492728335999999752e-47
4.673800e+01 8.257902128999999324e-47
4.717100e+01 8.031565161000000283e-47
4.760800e+01 7.812968880999999314e-47
4.804900e+01 7.601572968999998723e-47
4.849400e+01 7.397892121000000580e-47
4.894300e+01 7.201219600000000701e-47
4.939600e+01 7.011382755999999516e-47
4.985400e+01 6.828377956000000395e-47
5.031500e+01 6.651544249000000671e-47
5.078200e+01 6.481055024999999174e-47
5.125200e+01 6.316593528999999720e-47
5.172700e+01 6.158011729000000712e-47
5.220600e+01 6.005010064000000994e-47
5.268900e+01 5.857453156000000220e-47
5.317700e+01 5.714906409000000315e-47
5.367000e+01 5.577699856000000312e-47
5.416700e+01 5.445406848999998739e-47
5.466900e+01 5.317618084000000579e-47
5.517500e+01 5.194373183999999307e-47
5.568600e+01 5.075565049000000453e-47
5.620200e+01 4.960948356000000438e-47
5.672200e+01 4.850565316000000061e-47
5.724800e+01 4.744041129000000773e-47
5.777800e+01 4.641151876000000391e-47
5.831300e+01 4.542086025000000608e-47
5.885300e+01 4.446489124000000218e-47
5.939800e+01 4.354284169000000658e-47
5.994800e+01 4.265396099999999818e-47
6.050400e+01 4.179622500000000182e-47
6.106400e+01 4.096896048999999600e-47
6.163000e+01 4.017151160999999816e-47
6.220000e+01 3.940323984000000146e-47
6.277700e+01 3.866103684000000091e-47
6.335800e+01 3.794436800999999645e-47
6.394500e+01 3.725393296000000056e-47
6.453700e+01 3.658677169000000276e-47
6.513500e+01 3.594482116000000008e-47
6.573800e+01 3.532519225000000216e-47
6.634700e+01 3.472627040999999863e-47
6.696200e+01 3.414999844000000187e-47
6.758200e+01 3.359245681000000044e-47
6.820800e+01 3.305560035999999813e-47
6.884000e+01 3.253789764000000316e-47
6.947700e+01 3.203786404000000378e-47
7.012100e+01 3.155518275999999958e-47
7.077000e+01 3.108954564000000037e-47
7.142600e+01 3.064065315999999693e-47
7.208700e+01 3.020711521000000493e-47
7.275500e+01 2.978867240999999882e-47
7.342900e+01 2.938507264000000282e-47
7.410900e+01 2.899499408999999792e-47
7.479500e+01 2.861822016000000100e-47
7.548800e+01 2.825560336000000119e-47
7.618700e+01 2.790374975999999675e-47
7.689300e+01 2.756670015999999771e-47
7.760500e+01 2.723900481000000237e-47
7.832400e+01 2.692468320999999581e-47
7.904900e+01 2.662044024999999909e-47
7.978100e+01 2.632613481000000320e-47
8.052000e+01 2.604367089000000111e-47
8.126600e+01 2.576882169000000088e-47
8.201900e+01 2.550553009000000091e-47
8.277900e+01 2.524962001000000238e-47
8.354500e+01 2.500300008999999706e-47
8.431900e+01 2.476654755999999779e-47
8.510000e+01 2.453617155999999667e-47
8.588800e+01 2.431476099999999687e-47
8.668400e+01 2.410122649000000091e-47
8.748700e+01 2.389449924000000109e-47
8.829700e+01 2.369547683999999866e-47
8.911500e+01 2.350407360999999804e-47
8.994000e+01 2.331827521000000069e-47
9.077300e+01 2.313898608999999862e-47
9.161400e+01 2.296613929000000046e-47
9.246300e+01 2.279967000999999797e-47
9.331900e+01 2.263856400000000028e-47
9.418300e+01 2.248466724000000021e-47
9.505600e+01 2.233507600000000160e-47
9.593600e+01 2.219069448999999995e-47
9.682500e+01 2.205241599999999923e-47
9.772100e+01 2.191831488999999945e-47
9.862700e+01 2.178929041000000358e-47
9.954000e+01 2.166623209000000074e-47
1.004600e+02 2.171653200999999826e-47
1.013900e+02 2.158810369000000202e-47
1.023300e+02 2.146376240999999724e-47
1.032800e+02 2.134440000000000107e-47
1.042400e+02 2.122905624999999976e-47
1.052000e+02 2.111770115999999798e-47
1.061800e+02 2.101030569000000336e-47
1.071600e+02 2.090684175999999987e-47
1.081500e+02 2.080728224999999877e-47
1.091500e+02 2.071251120999999774e-47
1.101600e+02 2.061977281000000074e-47
1.111800e+02 2.053086720999999844e-47
1.122100e+02 2.044577089000000068e-47
1.132500e+02 2.036355876000000278e-47
1.143000e+02 2.028511520999999906e-47
1.153600e+02 2.020952024999999802e-47
1.164300e+02 2.013675875999999884e-47
1.175100e+02 2.006771208999999969e-47
1.186000e+02 2.000057283999999956e-47
1.197000e+02 1.993711800999999858e-47
1.208000e+02 1.987554723999999602e-47
1.219200e+02 1.981763289000000051e-47
1.230500e+02 1.976247025000000115e-47
1.241900e+02 1.971004816000000263e-47
1.253400e+02 1.965946920999999862e-47
1.265000e+02 1.961249795999999722e-47
1.276800e+02 1.956735224999999816e-47
1.288600e+02 1.952579344000000188e-47
1.300500e+02 1.948604449000000233e-47
1.312600e+02 1.944809999999999561e-47
1.324700e+02 1.941371721000000168e-47
1.337000e+02 1.938200624999999832e-47
1.349400e+02 1.935208081000000215e-47
1.361900e+02 1.932569520999999876e-47
1.374500e+02 1.930196355999999864e-47
1.387200e+02 1.928000281000000087e-47
1.400100e+02 1.926068769000000207e-47
1.413000e+02 1.924576899999999861e-47
1.426100e+02 1.923261025000000251e-47
1.439300e+02 1.922208648999999924e-47
1.452700e+02 1.921507224999999966e-47
1.466100e+02 1.921244223999999987e-47
1.479700e+02 1.921244223999999987e-47
1.493400e+02 1.921682569000000130e-47
1.507200e+02 1.922559409000000418e-47
1.521200e+02 1.923875043999999881e-47
1.535300e+02 1.925805455999999672e-47
1.549500e+02 1.928351568999999691e-47
1.563800e+02 1.931778304000000127e-47
1.578300e+02 1.936088000999999683e-47
1.593000e+02 1.941107364000000266e-47
1.607700e+02 1.948163044000000213e-47
1.622600e+02 1.944016280999999822e-47
1.637600e+02 1.939962025000000092e-47
1.652800e+02 1.935824003999999882e-47
1.668100e+02 1.931778304000000127e-47
1.683600e+02 1.927649024999999855e-47
1.699100e+02 1.923611881000000075e-47
1.714900e+02 1.919578969000000185e-47
1.730800e+02 1.915550288999999696e-47
1.746800e+02 1.911525840999999826e-47
1.763000e+02 1.907418276000000239e-47
1.779300e+02 1.903402383999999858e-47
1.795800e+02 1.899390723999999851e-47
1.812400e+02 1.895383296000000219e-47
1.829200e+02 1.891467081000000017e-47
1.846100e+02 1.887468025000000207e-47
1.863200e+02 1.883473200999999800e-47
1.880500e+02 1.879482609000000010e-47
1.897900e+02 1.875582863999999881e-47
1.915500e+02 1.871600644000000156e-47
1.933200e+02 1.867622656000000320e-47
1.951100e+02 1.863735241000000087e-47
1.969200e+02 1.859765624999999586e-47
1.987500e+02 1.855886400000000289e-47
2.005900e+02 1.862440335999999853e-47
2.024400e+02 1.868659983999999778e-47
2.043200e+02 1.874803401000000160e-47
2.062100e+02 1.880783424000000141e-47
2.081200e+02 1.886772969000000358e-47
2.100500e+02 1.892772036000000324e-47
2.120000e+02 1.898606329000000318e-47
2.139600e+02 1.904536880999999836e-47
2.159400e+02 1.910476681000000261e-47
2.179400e+02 1.916513284000000222e-47
2.199600e+02 1.922647104000000003e-47
2.220000e+02 1.928790723999999938e-47
2.240500e+02 1.935120099999999776e-47
2.261300e+02 1.941547969000000199e-47
2.282200e+02 1.948074768999999684e-47
2.303400e+02 1.954700944000000266e-47
2.324700e+02 1.961426944000000004e-47
2.346200e+02 1.968341955999999744e-47
2.368000e+02 1.975535809000000212e-47
2.389900e+02 1.982653729000000115e-47
2.412000e+02 1.990141320999999748e-47
2.434400e+02 1.997732415999999857e-47
2.456900e+02 2.005427524000000300e-47
2.479700e+02 2.013406641000000112e-47
2.502600e+02 2.021491521000000190e-47
2.525800e+02 2.029772808999999816e-47
2.549200e+02 2.038341904000000083e-47
2.572800e+02 2.046929049000000321e-47
2.596700e+02 2.055896964000000076e-47
2.620700e+02 2.064975363999999811e-47
2.645000e+02 2.074347025000000168e-47
2.669500e+02 2.083831200999999921e-47
2.694200e+02 2.093520025000000239e-47
2.719200e+02 2.103506496000000202e-47
2.744300e+02 2.113792576000000134e-47
2.769800e+02 2.124195920999999902e-47
2.795400e+02 2.134902025000000149e-47
2.821300e+02 2.145820328999999934e-47
2.847400e+02 2.156952249000000007e-47
2.873800e+02 2.168392355999999867e-47
2.900400e+02 2.180142863999999569e-47
2.927300e+02 2.192018760999999789e-47
2.954400e+02 2.204302499999999646e-47
2.981800e+02 2.216808888999999768e-47
3.009400e+02 2.235398399999999834e-47
3.037300e+02 2.248182224999999854e-47
3.065400e+02 2.261382915999999715e-47
3.093800e+02 2.274813024999999870e-47
3.122400e+02 2.288569921000000192e-47
3.151400e+02 2.302656195999999845e-47
3.180600e+02 2.316978224999999799e-47
3.210000e+02 2.331730944000000319e-47
3.239700e+02 2.346821135999999829e-47
3.269700e+02 2.362251609000000181e-47
3.300000e+02 2.378122755999999945e-47
3.330600e+02 2.394242761000000050e-47
3.361400e+02 2.410809999999999551e-47
3.392600e+02 2.427729983999999862e-47
3.424000e+02 2.445104703999999919e-47
3.455700e+02 2.462839128999999962e-47
3.487700e+02 2.481036099999999826e-47
3.520000e+02 2.499700008999999660e-47
3.552600e+02 2.518935720999999775e-47
3.585500e+02 2.538648224999999955e-47
3.618700e+02 2.558842225000000177e-47
3.652300e+02 2.579827264000000150e-47
3.686100e+02 2.601408015999999948e-47
3.720200e+02 2.624000624999999890e-47
3.754700e+02 2.647514115999999913e-47
3.789500e+02 2.672476415999999949e-47
3.824600e+02 2.699425936000000563e-47
3.860000e+02 2.729122081000000475e-47
3.895700e+02 2.763604900000000066e-47
3.931800e+02 2.806774441000000154e-47
3.968200e+02 2.869102095999999756e-47
4.005000e+02 2.983890624999999865e-47
4.042100e+02 3.009290449000000506e-47
4.079500e+02 3.034908099999999928e-47
4.117300e+02 3.060744976000000114e-47
4.155500e+02 3.086913599999999453e-47
4.193900e+02 3.113082025000000072e-47
4.232800e+02 3.039978495999999919e-47
4.272000e+02 3.027860676000000197e-47
4.311600e+02 3.036561025000000077e-47
4.351500e+02 3.054330756000000130e-47
4.391800e+02 3.076920900000000192e-47
4.432500e+02 3.102378601000000299e-47
4.473500e+02 3.129843025000000112e-47
4.515000e+02 3.158777209000000159e-47
4.556800e+02 3.188973840999999573e-47
4.599000e+02 3.220108516000000411e-47
4.641600e+02 3.252192783999999599e-47
4.684600e+02 3.285009225000000039e-47
4.728000e+02 3.318796881000000287e-47
4.771800e+02 3.353220648999999863e-47
4.816000e+02 3.388520521000000327e-47
4.860600e+02 3.424590400000000530e-47
4.905600e+02 3.461439555999999519e-47
4.951000e+02 3.498959104000000162e-47
4.996900e+02 3.537275625000000104e-47
5.043200e+02 3.576398809000000049e-47
5.089900e+02 3.616218224999999958e-47
5.137000e+02 3.656983729000000047e-47
5.184600e+02 3.698464225000000012e-47
5.232600e+02 3.740790243999999552e-47
5.281100e+02 3.783849169000000031e-47
5.330000e+02 3.827896899999999931e-47
5.379400e+02 3.872697361000000566e-47
5.429200e+02 3.918384409000000145e-47
5.479500e+02 3.964969023999999529e-47
5.530200e+02 4.012462335999999819e-47
5.581400e+02 4.061003075999999965e-47
5.633100e+02 4.110348544000000124e-47
5.685300e+02 4.160637008999999660e-47
5.738000e+02 4.211880200999999680e-47
5.791100e+02 4.264090000000000564e-47
5.844800e+02 4.317409848999999500e-47
5.898900e+02 4.371722160999999970e-47
5.953500e+02 4.427039295999999245e-47
6.008700e+02 4.483373764000001161e-47
6.064300e+02 4.540872995999999869e-47
6.120500e+02 4.599416760999999799e-47
6.177200e+02 4.659154564000000519e-47
6.234400e+02 4.719964803999999853e-47
6.292100e+02 4.781999103999999554e-47
6.350400e+02 4.845134449000000879e-47
6.409200e+02 4.909524623999999671e-47
6.468600e+02 4.975186224999999999e-47
6.528500e+02 5.042136064000000840e-47
6.589000e+02 5.110248195999999168e-47
6.650000e+02 5.179824840999998862e-47
6.711600e+02 5.250886369000000510e-47
6.773800e+02 5.323161600000000201e-47
6.836500e+02 5.397106224999999967e-47
6.899800e+02 5.472744483999999402e-47
6.963700e+02 5.550250000000000100e-47
7.028200e+02 5.630251225000001071e-47
7.093300e+02 5.713848100000000587e-47
7.159000e+02 5.805525635999999779e-47
7.225300e+02 5.928076035999999336e-47
7.292300e+02 6.001755841000000683e-47
7.359800e+02 6.076358401000000736e-47
7.428000e+02 6.151735488999999768e-47
7.496800e+02 6.228208561000001277e-47
7.566200e+02 6.308489476000001052e-47
7.636300e+02 6.396160576000000088e-47
7.707000e+02 6.487658116000000487e-47
7.778400e+02 6.581914640999999399e-47
7.850500e+02 6.678158399999999496e-47
7.923200e+02 6.776747040999999798e-47
7.996600e+02 6.877053183999999925e-47
8.070600e+02 6.979599936000001201e-47
8.145400e+02 7.083915555999999289e-47
8.220800e+02 7.190361616000001150e-47
8.297000e+02 7.298968355999999617e-47
8.373800e+02 7.409422083999999556e-47
8.451400e+02 7.522092900000000614e-47
8.529600e+02 7.636837320999999704e-47
8.608600e+02 7.753683024999998808e-47
8.688400e+02 7.872835441000000638e-47
8.768900e+02 7.994148100000001233e-47
8.850100e+02 8.117829801000000524e-47
8.932000e+02 8.243732025000001421e-47
9.014800e+02 8.372067001000001177e-47
9.098300e+02 8.502868520999999185e-47
9.182500e+02 8.635984899999999131e-47
9.267600e+02 8.771633649000001324e-47
9.353400e+02 8.909849664000001705e-47
9.440100e+02 9.050668225000000338e-47
9.527500e+02 9.194124996000000442e-47
9.615700e+02 9.340449316000001356e-47
9.704800e+02 9.489292569000001068e-47
9.794700e+02 9.640883344000000128e-47
9.885400e+02 9.795456783999998181e-47
9.977000e+02 9.952855695999999478e-47
1.006900e+03 1.011231359999999889e-46
1.016300e+03 1.027587689999999912e-46
1.025700e+03 1.044279609999999896e-46
1.035200e+03 1.061312039999999879e-46
1.044800e+03 1.104811209999999899e-46
1.054400e+03 1.096208999999999785e-46
1.064200e+03 1.114080249999999953e-46
1.074100e+03 1.132308809999999853e-46
1.084000e+03 1.150899840000000108e-46
1.094100e+03 1.169858560000000074e-46
1.104200e+03 1.189190249999999986e-46
1.114400e+03 1.208900249999999979e-46
1.124700e+03 1.229215689999999832e-46
1.135200e+03 1.250371240000000123e-46
1.145700e+03 1.279839690000000066e-46
1.156300e+03 1.300284090000000221e-46
1.167000e+03 1.313774439999999898e-46
1.177800e+03 1.334949159999999990e-46
1.188700e+03 1.357224999999999836e-46
1.199700e+03 1.379920089999999902e-46
1.210800e+03 1.403040249999999942e-46
1.222000e+03 1.426830250000000056e-46
1.233400e+03 1.450820250000000219e-46
1.244800e+03 1.475496090000000055e-46
1.256300e+03 1.500380009999999869e-46
1.268000e+03 1.525719040000000137e-46
1.279700e+03 1.551768490000000033e-46
1.291500e+03 1.578289690000000052e-46
1.303500e+03 1.605035610000000106e-46
1.315600e+03 1.632517289999999813e-46
1.327800e+03 1.660489960000000044e-46
1.340100e+03 1.688960160000000165e-46
1.352500e+03 1.717934490000000031e-46
1.365000e+03 1.747419609999999984e-46
1.377700e+03 1.777422240000000460e-46
1.390400e+03 1.808218090000000397e-46
1.403300e+03 1.839278439999999788e-46
1.416300e+03 1.871150409999999813e-46
1.429400e+03 1.903572090000000081e-46
1.442600e+03 1.936550560000000449e-46
1.456000e+03 1.970092959999999901e-46
1.469500e+03 2.004489640000000010e-46
1.483100e+03 2.039183999999999719e-46
1.496800e+03 2.074752160000000359e-46
1.510700e+03 2.110918410000000074e-46
1.524700e+03 2.147983359999999834e-46
1.538800e+03 2.185370889999999864e-46
1.553100e+03 2.223677439999999569e-46
1.567500e+03 2.262617639999999844e-46
1.582000e+03 2.302199289999999774e-46
1.596600e+03 2.342736359999999906e-46
1.611400e+03 2.383936000000000239e-46
1.626300e+03 2.425806250000000246e-46
1.641400e+03 2.468669439999999696e-46
1.656600e+03 2.513176089999999687e-46
1.671900e+03 2.565763239999999820e-46
1.687400e+03 2.601768999999999536e-46
1.703100e+03 2.647779840000000193e-46
1.718800e+03 2.694522250000000196e-46
1.734800e+03 2.742004810000000096e-46
1.750800e+03 2.790904359999999888e-46
1.767000e+03 2.840236090000000241e-46
1.783400e+03 2.890680040000000137e-46
1.799900e+03 2.942254089999999513e-46
1.816600e+03 2.994284159999999754e-46
1.833400e+03 3.047817640000000364e-46
1.850400e+03 3.102177689999999789e-46
1.867500e+03 3.157373610000000528e-46
1.884800e+03 3.213773290000000286e-46
1.902300e+03 3.271033959999999859e-46
1.919900e+03 3.329530089999999689e-46
1.937700e+03 3.389280999999999723e-46
1.955700e+03 3.449934759999999848e-46
1.973800e+03 3.511501210000000525e-46
1.992000e+03 3.574746490000000692e-46
2.010500e+03 3.639319290000000270e-46
2.029100e+03 3.704085160000000575e-46
2.047900e+03 3.770587239999999852e-46
2.066900e+03 3.838464639999999736e-46
2.086000e+03 3.907342890000000173e-46
2.105300e+03 3.977631360000000665e-46
2.124800e+03 4.049351290000000394e-46
2.144500e+03 4.122524160000000493e-46
2.164400e+03 4.196761959999999672e-46
2.184400e+03 4.272488999999999780e-46
2.204700e+03 4.349310250000000740e-46
2.225100e+03 4.428078489999999796e-46
2.245700e+03 4.507978239999999168e-46
2.266500e+03 4.589877760000000687e-46
2.287500e+03 4.679866890000000358e-46
2.308700e+03 4.757197209999999965e-46
2.330100e+03 4.843520640000000526e-46
2.351600e+03 4.931064360000000275e-46
2.373400e+03 5.020288360000000028e-46
2.395400e+03 5.111668810000000682e-46
2.417600e+03 5.204329689999999446e-46
2.440000e+03 5.298743609999999591e-46
2.462600e+03 5.394935290000000132e-46
2.485400e+03 5.492929690000000477e-46
2.508400e+03 5.592752010000000421e-46
2.531600e+03 5.694427690000000929e-46
2.555100e+03 5.797982409999999470e-46
2.578800e+03 5.903442090000000122e-46
2.602600e+03 6.010832889999999579e-46
2.626800e+03 6.120676000000000271e-46
2.651100e+03 6.232012960000000160e-46
2.675600e+03 6.345864809999999897e-46
2.700400e+03 6.461255610000000491e-46
2.725400e+03 6.579225000000000594e-46
2.750700e+03 6.699296889999999435e-46
2.776200e+03 6.821499240000000138e-46
2.801900e+03 6.946387359999999616e-46
2.827800e+03 7.072940249999999226e-46
2.854000e+03 7.202245690000000339e-46
2.880400e+03 7.333805609999999268e-46
2.907100e+03 7.468195839999998719e-46
2.934000e+03 7.604909290000000739e-46
2.961200e+03 7.743975840000000687e-46
2.988700e+03 7.885987239999999958e-46
3.016300e+03 8.030989210000001028e-46
3.044300e+03 8.177312159999998837e-46
3.072500e+03 8.326687360000000066e-46
3.100900e+03 8.479744000000000165e-46
3.129600e+03 8.634782249999999294e-46
3.158600e+03 8.793004089999999992e-46
3.187900e+03 8.954457759999999115e-46
3.217400e+03 9.118588089999999003e-46
3.247200e+03 9.286037290000000550e-46
3.277300e+03 9.456855040000001399e-46
3.307600e+03 9.630470890000001575e-46
3.338300e+03 9.806918559999998021e-46
3.369200e+03 9.987496090000000109e-46
3.400400e+03 1.017099664000000070e-45
3.431900e+03 1.035745488999999829e-45
3.463700e+03 1.054820484000000128e-45
3.495800e+03 1.074200624999999990e-45
3.528200e+03 1.093955625000000082e-45
3.560800e+03 1.114090883999999937e-45
3.593800e+03 1.134611856000000093e-45
3.627100e+03 1.155456063999999875e-45
3.660700e+03 1.176695808999999927e-45
3.694600e+03 1.198405924000000071e-45
3.728800e+03 1.220454225000000202e-45
3.763400e+03 1.242915025000000153e-45
3.798200e+03 1.265865241000000067e-45
3.833400e+03 1.291396095999999841e-45
3.868900e+03 1.312902755999999962e-45
3.904700e+03 1.337072356000000061e-45
3.940900e+03 1.361757604000000123e-45
3.977400e+03 1.386892081000000077e-45
4.014200e+03 1.412406724000000023e-45
4.051400e+03 1.438457329000000351e-45
4.088900e+03 1.465052175999999993e-45
4.126800e+03 1.492045129000000090e-45
4.165000e+03 1.519596324000000046e-45
4.203600e+03 1.547635600000000330e-45
4.242600e+03 1.576169400999999881e-45
4.281900e+03 1.605284355999999874e-45
4.321500e+03 1.634908355999999982e-45
4.361500e+03 1.665129635999999771e-45
4.401900e+03 1.695874760999999654e-45
4.442700e+03 1.727233599999999934e-45
4.483900e+03 1.759131364000000353e-45
4.525400e+03 1.791574928999999776e-45
4.567300e+03 1.824742088999999768e-45
4.609600e+03 1.858472100000000248e-45
4.652300e+03 1.892772035999999916e-45
4.695400e+03 1.927824649000000378e-45
4.738900e+03 1.963464721000000004e-45
4.782800e+03 1.999699523999999822e-45
4.827100e+03 2.036716899999999707e-45
4.871800e+03 2.074347024999999809e-45
4.916900e+03 2.112781224999999881e-45
4.962400e+03 2.151846544000000146e-45
5.008400e+03 2.191644225000000036e-45
5.054800e+03 2.232184515999999821e-45
5.101600e+03 2.273477760999999617e-45
5.148900e+03 2.315534399999999694e-45
5.196600e+03 2.358462096000000017e-45
5.244700e+03 2.402078121000000188e-45
5.293300e+03 2.446588369000000105e-45
5.342300e+03 2.491906561000000155e-45
5.391800e+03 2.538043640999999797e-45
5.441700e+03 2.585010648999999890e-45
5.492100e+03 2.632921343999999900e-45
5.543000e+03 2.681686224999999966e-45
5.594300e+03 2.731316644000000133e-45
5.646100e+03 2.781929535999999825e-45
5.698400e+03 2.833432900000000518e-45
5.751200e+03 2.885945841000000054e-45
5.804500e+03 2.939374655999999803e-45
5.858200e+03 2.993840655999999701e-45
5.912500e+03 3.049358841000000442e-45
5.967300e+03 3.105832899999999926e-45
6.022500e+03 3.163500025000000098e-45
6.078300e+03 3.222038169000000629e-45
6.134600e+03 3.281800368999999616e-45
6.191400e+03 3.342689856000000728e-45
6.248800e+03 3.404605801000000598e-45
6.306700e+03 3.467796543999999677e-45
6.365100e+03 3.532043760999999085e-45
6.424000e+03 3.597600399999999926e-45
6.483500e+03 3.664244088999999687e-45
6.543600e+03 3.732232463999999794e-45
6.604200e+03 3.801462335999999028e-45
6.665400e+03 3.871950624999999963e-45
6.727100e+03 3.943840000000000493e-45
6.789400e+03 4.016897641000000230e-45
6.852300e+03 4.091521224999999932e-45
6.915800e+03 4.167477135999999978e-45
6.979800e+03 4.244652800999999351e-45
7.044500e+03 4.323457009000000175e-45
7.109700e+03 4.403649600000000110e-45
7.175600e+03 4.485382729000000258e-45
7.242000e+03 4.568678463999999558e-45
7.309100e+03 4.653422656000000573e-45
7.376800e+03 4.739771715999999199e-45
7.445100e+03 4.827748324000000545e-45
7.514100e+03 4.917375375999999410e-45
7.583700e+03 5.008675983999999584e-45
7.653900e+03 5.101673476000000770e-45
7.724800e+03 5.196391396000001081e-45
7.796400e+03 5.292853504000000147e-45
7.868600e+03 5.391083775999999118e-45
7.941500e+03 5.491254609000000411e-45
8.015000e+03 5.593244943999999014e-45
8.089200e+03 5.697079441000000262e-45
8.164200e+03 5.802782976000000432e-45
8.239800e+03 5.910534399999999668e-45
8.316100e+03 6.020363281000000057e-45
8.393100e+03 6.132142863999999137e-45
8.470900e+03 6.246057023999999324e-45
8.549300e+03 6.361976643999999739e-45
8.628500e+03 6.480250000000001411e-45
8.708400e+03 6.600587536000000268e-45
8.789100e+03 6.723180024999999162e-45
8.870500e+03 6.848059008999999324e-45
8.952700e+03 6.975256324000000116e-45
9.035600e+03 7.104804100000000267e-45
9.119300e+03 7.236904900000000253e-45
9.203700e+03 7.371252735999999277e-45
9.289000e+03 7.508222499999999618e-45
9.375000e+03 7.647677400999998929e-45
9.461800e+03 7.789827600000000002e-45
9.549500e+03 7.934533776000000477e-45
9.637900e+03 8.082010000000000002e-45
9.727200e+03 8.232114361000000342e-45
9.817300e+03 8.385064900000000082e-45
9.908200e+03 8.540901888999998973e-45
1.000000e+04 8.699665983999999884e-45
